第1个电影的向量为 0 0 0 1 1 1 0 0 0 0 0 0 0 0 0 0 0 0 0 
第2个电影的向量为 0 1 1 0 0 0 0 0 0 0 0 0 0 0 0 0 1 0 0 
第3个电影的向量为 0 0 0 0 0 0 0 0 0 0 0 0 0 0 0 0 1 0 0 
第4个电影的向量为 0 1 0 0 0 1 0 0 1 0 0 0 0 0 0 0 0 0 0 
第5个电影的向量为 0 0 0 0 0 0 1 0 1 0 0 0 0 0 0 0 1 0 0 
第6个电影的向量为 0 0 0 0 0 0 0 0 1 0 0 0 0 0 0 0 0 0 0 
第7个电影的向量为 0 0 0 0 0 0 0 0 1 0 0 0 0 0 0 1 0 0 0 
第8个电影的向量为 0 0 0 0 1 1 0 0 1 0 0 0 0 0 0 0 0 0 0 
第9个电影的向量为 0 0 0 0 0 0 0 0 1 0 0 0 0 0 0 0 0 0 0 
第10个电影的向量为 0 0 0 0 0 0 0 0 1 0 0 0 0 0 0 0 0 1 0 
第11个电影的向量为 0 0 0 0 0 0 1 0 0 0 0 0 0 0 0 0 1 0 0 
第12个电影的向量为 0 0 0 0 0 0 1 0 0 0 0 0 0 0 0 0 1 0 0 
第13个电影的向量为 0 0 0 0 0 1 0 0 0 0 0 0 0 0 0 0 0 0 0 
第14个电影的向量为 0 0 0 0 0 0 0 0 1 0 0 0 0 0 1 0 0 0 0 
第15个电影的向量为 0 0 0 0 0 0 0 0 1 0 0 0 0 0 0 0 0 0 0 
第16个电影的向量为 0 0 0 0 0 1 0 0 0 0 0 0 0 0 1 0 0 0 0 
第17个电影的向量为 0 1 0 0 0 1 1 0 0 0 0 1 0 0 0 0 1 0 0 
第18个电影的向量为 0 0 0 0 0 0 0 0 1 0 0 0 0 0 0 0 0 0 0 
第19个电影的向量为 0 0 0 0 0 0 0 0 1 0 0 0 0 0 0 0 0 0 0 
第20个电影的向量为 0 0 0 0 0 0 0 0 1 0 0 0 0 0 1 0 0 0 0 
第21个电影的向量为 0 1 1 0 0 1 0 0 0 0 0 0 1 0 0 0 1 0 0 
第22个电影的向量为 0 1 0 0 0 0 0 0 1 0 0 0 0 0 0 0 0 1 0 
第23个电影的向量为 0 0 0 0 0 0 0 0 1 0 0 0 0 0 0 0 1 0 0 
第24个电影的向量为 0 1 1 0 0 0 1 0 0 0 0 0 0 0 0 0 0 0 0 
第25个电影的向量为 0 0 0 0 0 1 0 0 0 0 0 0 0 0 0 0 0 0 0 
第26个电影的向量为 0 0 0 0 0 1 0 0 0 0 0 0 0 0 0 0 0 0 0 
第27个电影的向量为 0 1 0 0 0 0 0 0 0 0 0 0 0 0 0 0 0 0 0 
第28个电影的向量为 0 1 0 0 0 0 0 0 1 0 0 0 0 0 0 0 1 0 0 
第29个电影的向量为 0 1 1 0 0 1 1 0 0 0 0 0 0 0 0 0 0 0 0 
第30个电影的向量为 0 0 0 0 0 0 0 0 1 0 0 0 0 0 0 0 0 0 0 
第31个电影的向量为 0 0 0 0 0 0 0 0 1 0 0 0 0 0 0 0 1 1 0 
第32个电影的向量为 0 0 0 0 0 0 0 1 0 0 0 0 0 0 0 0 0 0 0 
第33个电影的向量为 0 1 0 0 0 0 0 0 0 0 0 0 0 0 1 0 1 0 0 
第34个电影的向量为 0 0 0 0 0 1 0 0 1 0 0 0 0 0 0 0 0 0 0 
第35个电影的向量为 0 0 1 0 1 0 0 0 1 0 0 0 0 0 0 0 0 0 0 
第36个电影的向量为 0 0 0 0 0 0 0 0 1 0 0 0 0 0 1 0 0 0 0 
第37个电影的向量为 0 0 0 0 0 0 0 0 1 0 0 0 0 0 0 0 0 0 0 
第38个电影的向量为 0 0 0 0 0 0 0 0 0 0 0 0 0 0 0 1 1 0 0 
第39个电影的向量为 0 1 0 0 0 0 1 0 0 0 0 0 0 0 0 1 0 0 0 
第40个电影的向量为 0 0 0 0 0 1 0 0 0 0 0 0 0 0 0 0 0 0 0 
第41个电影的向量为 0 0 0 0 0 1 0 0 0 0 0 0 0 0 0 0 0 0 0 
第42个电影的向量为 0 0 0 0 0 1 0 0 0 0 0 0 0 0 0 0 0 0 0 
第43个电影的向量为 0 0 0 0 0 0 0 0 1 0 0 0 0 0 0 0 1 0 0 
第44个电影的向量为 0 0 0 0 0 0 0 0 1 0 0 0 0 0 0 0 1 0 0 
第45个电影的向量为 0 0 0 0 0 1 0 0 1 0 0 0 0 0 0 0 0 0 0 
第46个电影的向量为 0 0 0 0 0 0 0 0 1 0 0 0 0 0 0 0 0 0 0 
第47个电影的向量为 0 0 0 0 0 1 0 0 1 0 0 0 0 0 0 0 0 0 0 
第48个电影的向量为 0 0 0 0 0 0 0 1 0 0 0 0 0 0 0 0 0 0 0 
第49个电影的向量为 0 0 0 0 0 1 0 0 0 0 0 0 0 0 1 0 0 0 0 
第50个电影的向量为 0 1 1 0 0 0 0 0 0 0 0 0 0 0 1 1 0 1 0 
第51个电影的向量为 0 0 0 0 0 0 0 0 1 0 0 0 0 0 1 0 0 1 1 
第52个电影的向量为 0 0 0 0 0 0 0 0 1 0 0 0 0 0 0 0 0 0 0 
第53个电影的向量为 0 1 0 0 0 0 0 0 0 0 0 0 0 0 0 0 1 0 0 
第54个电影的向量为 0 1 0 0 0 0 0 0 1 0 0 0 0 0 0 0 1 0 0 
第55个电影的向量为 0 0 0 0 0 0 1 0 1 0 0 0 0 0 1 0 1 0 0 
第56个电影的向量为 0 0 0 0 0 0 1 0 1 0 0 0 0 0 0 0 0 0 0 
第57个电影的向量为 0 0 0 0 0 0 0 0 1 0 0 0 0 0 0 0 0 0 0 
第58个电影的向量为 0 0 0 0 0 0 0 0 1 0 0 0 0 0 0 0 0 0 0 
第59个电影的向量为 0 0 0 0 0 0 0 0 1 0 0 0 0 0 0 0 0 0 0 
第60个电影的向量为 0 0 0 0 0 0 0 0 1 0 0 0 0 0 0 0 0 0 0 
第61个电影的向量为 0 0 0 0 0 0 0 0 1 0 0 0 0 0 0 0 0 0 0 
第62个电影的向量为 0 1 1 0 0 0 0 0 0 0 0 0 0 0 0 1 0 0 0 
第63个电影的向量为 0 0 0 0 1 1 0 0 0 0 0 0 0 0 0 0 0 0 0 
第64个电影的向量为 0 0 0 0 0 0 0 0 1 0 0 0 0 0 0 0 0 0 0 
第65个电影的向量为 0 0 0 0 0 1 0 0 1 0 0 0 0 0 0 0 0 0 0 
第66个电影的向量为 0 0 0 0 0 1 0 0 0 0 0 0 0 0 1 0 0 0 0 
第67个电影的向量为 0 0 0 0 0 1 0 0 0 0 0 0 0 0 0 0 0 0 0 
第68个电影的向量为 0 1 0 0 0 0 0 0 0 0 0 0 0 0 1 0 1 0 0 
第69个电影的向量为 0 0 0 0 0 1 0 0 0 0 0 0 0 0 1 0 0 1 0 
第70个电影的向量为 0 0 0 0 0 1 0 0 0 0 0 0 0 0 1 0 0 0 0 
第71个电影的向量为 0 0 0 1 1 0 0 0 0 0 0 0 1 0 0 0 0 0 0 
第72个电影的向量为 0 0 0 0 0 1 1 0 0 1 0 0 0 0 0 0 0 0 0 
第73个电影的向量为 0 1 0 0 0 1 0 0 0 0 0 0 0 0 0 0 0 0 1 
第74个电影的向量为 0 1 0 0 0 1 0 0 1 0 0 0 0 0 0 0 0 0 0 
第75个电影的向量为 0 0 0 0 0 0 0 1 0 0 0 0 0 0 0 0 0 0 0 
第76个电影的向量为 0 0 0 0 0 0 1 0 1 0 0 0 0 0 0 0 0 0 0 
第77个电影的向量为 0 0 0 0 0 0 0 0 1 0 0 0 0 0 0 0 1 0 0 
第78个电影的向量为 0 0 1 0 1 0 0 0 1 0 0 0 0 0 0 0 0 0 0 
第79个电影的向量为 0 1 0 0 0 0 0 0 0 0 0 0 0 0 0 0 1 0 0 
第80个电影的向量为 0 1 0 0 0 1 0 0 0 0 0 0 0 0 0 0 0 1 0 
第81个电影的向量为 0 0 0 0 0 1 0 0 0 0 0 0 0 0 1 0 0 0 0 
第82个电影的向量为 0 1 1 0 0 0 0 0 0 0 0 0 0 0 0 1 0 0 0 
第83个电影的向量为 0 0 0 0 0 1 0 0 0 0 0 0 0 0 1 0 0 0 0 
第84个电影的向量为 0 0 0 0 0 0 0 0 0 0 0 1 0 0 0 1 0 0 0 
第85个电影的向量为 0 0 0 0 0 1 0 0 0 0 0 0 0 0 0 0 0 0 0 
第86个电影的向量为 0 0 0 0 0 0 0 0 1 0 0 0 0 0 0 0 0 0 0 
第87个电影的向量为 0 0 0 0 0 0 0 0 1 0 0 0 0 0 0 0 0 0 0 
第88个电影的向量为 0 0 0 0 0 1 0 0 0 0 0 0 0 0 1 0 0 0 0 
第89个电影的向量为 0 0 0 0 0 0 0 0 0 0 1 0 0 0 0 1 0 0 0 
第90个电影的向量为 0 0 0 0 0 1 0 0 0 0 0 0 0 0 1 0 1 0 0 
第91个电影的向量为 0 0 0 0 1 1 0 0 0 0 0 0 1 0 0 0 0 0 0 
第92个电影的向量为 0 1 0 0 0 0 1 0 0 0 0 0 0 0 1 0 0 0 0 
第93个电影的向量为 0 0 0 0 0 1 0 0 1 0 0 0 0 0 0 0 0 0 0 
第94个电影的向量为 0 0 0 0 1 1 0 0 0 0 0 0 0 0 0 0 0 0 0 
第95个电影的向量为 0 0 0 1 1 1 0 0 0 0 0 0 1 0 0 0 0 0 0 
第96个电影的向量为 0 1 0 0 0 0 0 0 0 0 0 0 0 0 0 1 1 0 0 
第97个电影的向量为 0 0 1 0 0 0 0 0 1 0 0 0 0 0 0 0 0 0 1 
第98个电影的向量为 0 0 0 0 0 0 0 0 1 0 0 0 0 0 0 0 1 0 0 
第99个电影的向量为 0 0 0 1 1 0 0 0 0 0 0 0 1 0 0 0 0 0 0 
第100个电影的向量为 0 0 0 0 0 0 1 0 1 0 0 0 0 0 0 0 1 0 0 
第101个电影的向量为 0 1 1 1 0 0 0 0 0 0 0 1 0 0 0 1 0 0 0 
第102个电影的向量为 0 0 0 1 1 0 0 0 0 0 0 0 0 0 0 0 0 0 0 
第103个电影的向量为 0 0 0 1 1 0 0 0 0 0 0 0 1 0 0 0 0 0 0 
第104个电影的向量为 0 0 0 0 0 1 0 0 0 0 0 0 0 0 0 0 0 0 0 
第105个电影的向量为 0 0 0 0 0 1 0 0 0 0 0 0 0 0 0 0 0 0 0 
第106个电影的向量为 0 0 0 0 0 0 0 0 1 0 0 0 0 0 0 0 1 0 0 
第107个电影的向量为 0 0 0 0 0 0 0 0 1 0 0 0 0 0 0 0 0 0 0 
第108个电影的向量为 0 0 0 0 0 1 0 0 0 0 0 0 0 0 0 0 0 0 0 
第109个电影的向量为 0 0 0 0 0 1 0 0 0 0 0 0 0 0 0 1 0 0 0 
第110个电影的向量为 0 1 1 0 0 1 0 0 0 0 0 0 0 0 0 0 0 1 0 
第111个电影的向量为 0 0 0 0 0 1 0 0 0 0 0 0 0 0 1 0 0 0 0 
第112个电影的向量为 0 0 1 0 1 0 0 0 0 0 0 0 0 0 0 0 0 0 0 
第113个电影的向量为 0 0 0 0 0 0 0 0 1 0 0 0 0 0 0 0 0 0 0 
第114个电影的向量为 0 0 0 1 0 0 0 0 0 0 0 0 0 0 0 0 0 0 0 
第115个电影的向量为 0 0 0 0 0 0 0 1 0 0 0 0 0 0 0 0 0 0 0 
第116个电影的向量为 0 0 0 0 0 1 0 0 0 0 0 0 0 0 0 0 0 0 0 
第117个电影的向量为 0 1 1 0 0 0 0 0 0 0 0 0 0 0 0 0 1 0 0 
第118个电影的向量为 0 1 1 0 0 0 0 0 0 0 0 0 0 0 0 0 1 0 0 
第119个电影的向量为 0 0 0 0 0 0 0 1 0 0 0 0 0 0 0 0 0 0 0 
第120个电影的向量为 0 0 0 0 0 1 1 0 0 0 0 0 0 0 0 0 0 0 0 
第121个电影的向量为 0 1 0 0 0 0 0 0 0 0 0 0 0 0 0 1 0 1 0 
第122个电影的向量为 0 0 0 0 0 1 0 0 0 0 0 0 0 0 0 0 0 0 0 
第123个电影的向量为 0 0 0 0 0 1 0 0 0 0 0 1 0 0 0 0 0 0 0 
第124个电影的向量为 0 0 0 0 0 0 0 0 1 0 0 0 0 1 0 0 0 0 0 
第125个电影的向量为 0 0 0 0 0 0 0 0 1 0 0 0 0 0 1 0 0 0 0 
第126个电影的向量为 0 0 0 0 0 0 0 0 1 0 0 0 0 0 0 0 0 0 0 
第127个电影的向量为 0 1 0 0 0 0 1 0 1 0 0 0 0 0 0 0 0 0 0 
第128个电影的向量为 0 1 0 0 0 0 0 0 0 0 0 0 0 0 0 0 1 0 0 
第129个电影的向量为 0 0 0 0 0 0 1 0 1 0 0 0 0 0 1 0 1 0 0 
第130个电影的向量为 0 0 0 0 0 0 1 0 0 0 0 0 0 0 0 0 0 0 0 
第131个电影的向量为 0 0 0 0 0 0 0 0 1 0 0 0 0 0 1 0 0 0 0 
第132个电影的向量为 0 0 1 0 1 0 0 0 1 0 0 0 1 0 0 0 0 0 0 
第133个电影的向量为 0 0 0 0 0 0 0 0 1 0 0 0 0 0 1 0 0 1 0 
第134个电影的向量为 0 0 0 0 0 0 0 0 1 0 0 0 0 0 0 0 0 0 0 
第135个电影的向量为 0 0 0 0 0 0 0 0 1 0 0 0 0 1 0 1 1 0 0 
第136个电影的向量为 0 0 0 0 0 0 0 0 1 0 0 0 0 0 0 0 0 0 0 
第137个电影的向量为 0 0 0 0 0 0 0 0 1 0 0 0 0 0 0 0 0 0 0 
第138个电影的向量为 0 0 0 0 1 1 0 0 0 0 0 0 0 0 0 0 0 0 0 
第139个电影的向量为 0 0 0 0 1 1 0 0 0 0 0 0 0 0 0 0 0 0 0 
第140个电影的向量为 0 0 1 0 1 0 0 0 0 0 0 0 0 0 0 0 0 0 0 
第141个电影的向量为 0 0 1 0 1 0 0 0 0 1 0 0 0 0 0 1 0 0 0 
第142个电影的向量为 0 0 1 0 1 0 0 0 0 0 0 0 1 0 0 0 0 0 0 
第143个电影的向量为 0 0 0 0 0 0 0 0 0 0 0 0 1 0 0 0 0 0 0 
第144个电影的向量为 0 1 0 0 0 0 0 0 0 0 0 0 0 0 0 0 1 0 0 
第145个电影的向量为 0 1 0 0 0 0 0 0 0 0 0 0 0 0 0 1 1 0 0 
第146个电影的向量为 0 0 0 0 0 0 0 0 1 0 0 0 0 0 0 0 0 0 0 
第147个电影的向量为 0 1 0 0 0 0 0 0 0 0 0 0 0 0 0 0 1 0 0 
第148个电影的向量为 0 1 1 0 0 0 0 0 0 0 0 0 0 0 0 0 0 0 0 
第149个电影的向量为 0 0 0 0 0 0 0 0 1 0 0 0 0 0 0 0 0 0 0 
第150个电影的向量为 0 0 0 0 0 1 0 0 1 0 0 0 0 0 0 0 0 0 0 
第151个电影的向量为 0 0 1 0 1 1 0 0 0 0 0 0 0 0 0 0 0 0 0 
第152个电影的向量为 0 0 0 0 0 1 0 0 0 0 0 0 0 0 0 1 0 0 0 
第153个电影的向量为 0 0 0 0 0 1 0 0 0 0 0 0 0 0 0 0 0 0 0 
第154个电影的向量为 0 0 0 0 0 1 0 0 0 0 0 0 0 0 0 0 0 0 0 
第155个电影的向量为 0 0 0 0 0 0 0 0 0 0 0 0 1 0 1 0 0 0 0 
第156个电影的向量为 0 0 0 0 0 0 1 0 0 0 0 0 0 0 0 0 1 0 0 
第157个电影的向量为 0 0 0 0 0 0 0 0 1 0 0 0 0 0 0 0 0 1 0 
第158个电影的向量为 0 0 0 0 0 1 0 0 0 0 0 0 0 0 0 0 0 0 0 
第159个电影的向量为 0 0 0 0 0 0 0 0 0 0 0 0 0 1 0 0 1 0 0 
第160个电影的向量为 0 0 0 0 0 0 0 0 1 0 0 0 0 0 0 0 0 0 0 
第161个电影的向量为 0 1 0 0 0 0 0 0 0 0 0 0 0 0 1 0 0 0 0 
第162个电影的向量为 0 0 0 0 0 0 0 0 1 0 0 0 0 0 0 0 0 0 0 
第163个电影的向量为 0 0 0 0 0 1 0 0 0 0 0 0 0 0 0 0 0 0 0 
第164个电影的向量为 0 1 1 0 0 0 0 0 0 0 0 0 0 0 0 1 1 0 0 
第165个电影的向量为 0 0 0 0 0 0 0 0 1 0 0 0 0 0 0 0 0 0 0 
第166个电影的向量为 0 0 0 0 0 0 0 0 1 0 0 0 0 0 0 0 0 0 0 
第167个电影的向量为 0 0 0 0 0 1 0 0 0 0 0 0 0 0 0 0 0 0 0 
第168个电影的向量为 0 0 0 0 0 1 0 0 0 0 0 0 0 0 0 0 0 0 0 
第169个电影的向量为 0 0 0 1 0 1 0 0 0 0 0 0 0 0 0 0 0 0 0 
第170个电影的向量为 0 0 0 0 0 1 0 0 1 0 0 0 0 0 1 0 0 0 0 
第171个电影的向量为 0 0 0 0 0 1 0 0 0 0 0 0 0 0 0 1 0 0 0 
第172个电影的向量为 0 1 1 0 0 0 0 0 1 0 0 0 0 0 1 1 0 1 0 
第173个电影的向量为 0 1 1 0 0 1 0 0 0 0 0 0 0 0 1 0 0 0 0 
第174个电影的向量为 0 1 1 0 0 0 0 0 0 0 0 0 0 0 0 0 0 0 0 
第175个电影的向量为 0 0 0 0 0 0 0 0 0 0 0 0 0 0 0 1 0 0 0 
第176个电影的向量为 0 1 0 0 0 0 0 0 0 0 0 0 0 0 0 1 1 1 0 
第177个电影的向量为 0 1 0 0 0 0 0 0 0 0 0 0 0 0 0 0 0 0 1 
第178个电影的向量为 0 0 0 0 0 0 0 0 1 0 0 0 0 0 0 0 0 0 0 
第179个电影的向量为 0 0 0 0 0 0 0 0 0 0 0 0 0 0 0 1 0 0 0 
第180个电影的向量为 0 0 0 0 0 0 0 0 1 0 0 0 0 0 0 0 0 1 0 
第181个电影的向量为 0 1 1 0 0 0 0 0 0 0 0 0 0 0 1 1 0 1 0 
第182个电影的向量为 0 0 0 0 0 0 1 0 1 0 0 0 0 0 0 0 0 0 0 
第183个电影的向量为 0 1 0 0 0 0 0 0 0 0 0 1 0 0 0 1 1 0 0 
第184个电影的向量为 0 1 1 0 0 1 0 0 0 0 0 1 0 0 0 1 0 0 0 
第185个电影的向量为 0 0 0 0 0 0 0 0 0 0 0 1 0 0 1 0 1 0 0 
第186个电影的向量为 0 1 0 0 0 1 0 0 0 0 0 0 1 0 0 0 0 0 0 
第187个电影的向量为 0 1 0 0 0 0 1 0 1 0 0 0 0 0 0 0 0 0 0 
第188个电影的向量为 0 1 0 0 0 0 0 0 1 0 0 0 0 0 0 0 0 1 0 
第189个电影的向量为 0 0 0 1 0 1 0 0 0 0 0 0 0 0 0 0 0 0 0 
第190个电影的向量为 0 0 0 0 0 0 0 0 1 0 0 0 0 0 0 0 0 1 0 
第191个电影的向量为 0 0 0 0 0 0 0 0 1 0 0 0 0 1 0 0 0 0 0 
第192个电影的向量为 0 0 0 0 0 0 0 0 1 0 0 0 0 0 0 0 0 0 0 
第193个电影的向量为 0 0 0 0 0 0 0 0 1 0 0 0 0 0 0 0 0 0 0 
第194个电影的向量为 0 0 0 0 0 1 1 0 0 0 0 0 0 0 0 0 0 0 0 
第195个电影的向量为 0 1 0 0 0 0 0 0 0 0 0 0 0 0 0 1 1 0 0 
第196个电影的向量为 0 0 0 0 0 0 0 0 1 0 0 0 0 0 0 0 0 0 0 
第197个电影的向量为 0 0 0 0 0 0 0 0 1 0 0 0 0 0 1 0 0 0 0 
第198个电影的向量为 0 0 0 0 0 0 0 0 0 0 0 0 0 0 0 0 1 0 0 
第199个电影的向量为 0 0 0 0 0 0 0 0 1 0 0 0 0 0 0 0 0 1 0 
第200个电影的向量为 0 0 0 0 0 0 0 0 0 0 0 1 0 0 0 0 0 0 0 
第201个电影的向量为 0 1 1 0 0 1 0 0 0 0 0 1 0 0 0 0 0 0 0 
第202个电影的向量为 0 0 0 0 0 1 0 0 0 0 0 0 0 0 1 0 0 0 0 
第203个电影的向量为 0 0 0 0 0 0 0 0 0 0 0 0 0 0 0 0 0 0 1 
第204个电影的向量为 0 0 0 0 0 1 0 0 0 0 0 0 0 0 0 1 0 0 0 
第205个电影的向量为 0 0 0 0 0 0 0 0 1 0 0 0 0 0 0 0 0 1 0 
第206个电影的向量为 0 0 1 1 0 0 0 0 0 0 0 0 0 0 0 1 1 0 0 
第207个电影的向量为 0 1 0 0 0 0 0 0 1 0 0 0 0 0 1 0 0 0 0 
第208个电影的向量为 0 0 0 0 0 1 0 0 0 0 0 1 0 0 0 0 0 0 0 
第209个电影的向量为 0 0 0 0 0 1 0 0 1 0 0 0 1 0 0 0 0 0 0 
第210个电影的向量为 0 1 1 0 0 0 0 0 0 0 0 0 0 0 0 0 0 0 0 
第211个电影的向量为 0 0 0 0 0 1 0 0 0 0 0 0 0 0 0 0 0 1 0 
第212个电影的向量为 0 0 0 0 0 0 0 0 1 0 0 0 0 0 0 0 0 0 0 
第213个电影的向量为 0 0 0 0 0 0 0 0 1 0 0 0 0 0 1 0 0 0 0 
第214个电影的向量为 0 0 0 0 0 0 0 0 1 0 0 0 1 0 0 0 0 1 0 
第215个电影的向量为 0 0 0 0 0 0 0 0 1 0 0 0 0 0 0 0 0 0 0 
第216个电影的向量为 0 0 0 0 0 1 0 0 0 0 0 0 0 0 1 0 0 0 0 
第217个电影的向量为 0 0 0 0 0 0 0 0 0 0 0 1 0 0 1 0 0 0 0 
第218个电影的向量为 0 0 0 0 0 0 0 0 0 0 0 0 0 0 0 0 1 0 0 
第219个电影的向量为 0 0 0 0 0 0 0 0 0 0 0 1 0 0 0 0 0 0 0 
第220个电影的向量为 0 0 0 0 0 1 0 0 0 0 0 0 0 0 1 0 0 0 0 
第221个电影的向量为 0 0 0 0 0 0 0 0 1 0 0 0 0 0 0 0 0 0 0 
第222个电影的向量为 0 1 1 0 0 0 0 0 0 0 0 0 0 0 0 1 0 0 0 
第223个电影的向量为 0 0 0 0 0 0 0 0 1 0 0 0 0 0 0 0 1 0 0 
第224个电影的向量为 0 0 0 0 0 0 0 0 1 0 0 0 0 0 0 0 0 0 0 
第225个电影的向量为 0 0 0 0 1 1 0 0 0 0 0 0 0 0 0 0 0 0 0 
第226个电影的向量为 0 1 0 0 0 0 0 0 0 0 0 0 0 0 0 0 1 0 0 
第227个电影的向量为 0 1 1 0 0 0 0 0 0 0 0 0 0 0 0 1 0 0 0 
第228个电影的向量为 0 1 1 0 0 0 0 0 0 0 0 0 0 0 0 1 0 0 0 
第229个电影的向量为 0 1 1 0 0 0 0 0 0 0 0 0 0 0 0 1 0 0 0 
第230个电影的向量为 0 1 1 0 0 0 0 0 0 0 0 0 0 0 0 1 0 0 0 
第231个电影的向量为 0 1 1 0 0 1 1 0 0 0 0 0 0 0 0 0 0 0 0 
第232个电影的向量为 0 1 0 0 0 1 0 0 0 0 0 0 0 0 0 0 0 0 1 
第233个电影的向量为 0 1 0 0 0 0 0 0 0 0 0 0 0 0 0 0 0 0 0 
第234个电影的向量为 0 1 0 0 0 0 0 0 0 0 0 1 0 0 0 0 0 0 0 
第235个电影的向量为 0 1 0 0 0 1 0 0 0 0 0 0 0 0 0 1 0 1 0 
第236个电影的向量为 0 0 0 0 0 1 0 0 1 0 0 0 0 0 0 0 0 0 0 
第237个电影的向量为 0 0 0 0 0 0 0 0 1 0 0 0 0 0 1 0 0 0 0 
第238个电影的向量为 0 0 0 0 0 1 0 0 0 0 0 0 0 0 0 0 0 0 0 
第239个电影的向量为 0 0 0 0 0 0 1 0 1 0 0 0 0 0 0 1 0 0 0 
第240个电影的向量为 0 0 0 1 0 1 0 0 0 0 0 0 0 0 0 0 0 0 0 
第241个电影的向量为 0 1 0 0 0 0 0 0 0 0 0 0 0 0 1 0 0 1 0 
第242个电影的向量为 0 0 0 0 0 1 0 0 0 0 0 0 0 0 0 0 0 0 0 
第243个电影的向量为 0 0 0 0 1 1 0 0 0 0 0 0 0 0 0 0 0 0 0 
第244个电影的向量为 0 1 0 0 0 0 0 0 1 0 0 0 0 0 0 0 1 0 0 
第245个电影的向量为 0 1 0 0 0 0 0 0 1 0 0 0 0 0 0 0 1 1 0 
第246个电影的向量为 0 0 0 0 0 0 0 0 1 0 0 0 0 0 1 0 0 0 0 
第247个电影的向量为 0 1 1 0 1 0 0 0 0 0 0 0 0 0 0 0 0 0 0 
第248个电影的向量为 0 0 0 0 0 1 1 0 0 0 0 0 0 0 0 0 0 0 0 
第249个电影的向量为 0 0 0 0 0 1 0 0 0 0 0 0 0 0 0 0 0 0 0 
第250个电影的向量为 0 1 0 0 0 0 0 0 0 0 0 0 0 0 0 1 0 0 0 
第251个电影的向量为 0 0 0 0 0 1 0 0 0 0 0 0 0 0 0 0 0 0 0 
第252个电影的向量为 0 1 1 0 0 0 0 0 0 0 0 0 0 0 0 1 1 0 0 
第253个电影的向量为 0 0 0 0 0 0 0 0 1 0 0 0 0 0 1 0 0 0 0 
第254个电影的向量为 0 1 1 0 0 0 1 0 0 0 0 0 0 0 0 0 0 0 0 
第255个电影的向量为 0 0 0 0 0 1 0 0 0 0 0 0 0 0 1 0 0 0 0 
第256个电影的向量为 0 0 0 0 0 1 0 0 0 0 0 0 0 0 1 0 0 0 0 
第257个电影的向量为 0 1 1 0 0 1 0 0 0 0 0 0 0 0 0 1 0 0 0 
第258个电影的向量为 0 0 0 0 0 0 0 0 1 0 0 0 0 0 0 1 0 0 0 
第259个电影的向量为 0 0 0 0 1 1 0 0 0 0 0 0 0 0 0 0 0 0 0 
第260个电影的向量为 0 1 0 0 0 0 0 0 0 0 0 0 0 1 0 1 1 0 0 
第261个电影的向量为 0 0 0 0 1 1 0 0 0 0 0 0 0 0 0 0 0 0 0 
第262个电影的向量为 0 0 0 0 0 0 0 0 1 0 0 0 0 0 0 0 0 0 0 
第263个电影的向量为 0 1 0 0 0 0 0 0 0 0 0 0 0 0 0 0 0 0 0 
第264个电影的向量为 0 0 0 0 0 0 0 0 0 0 0 0 0 0 0 1 1 0 0 
第265个电影的向量为 0 1 0 0 0 0 0 0 0 0 0 0 0 0 0 0 1 0 0 
第266个电影的向量为 0 1 1 0 0 0 0 0 0 0 0 0 0 0 0 0 0 0 0 
第267个电影的向量为 1 0 0 0 0 0 0 0 0 0 0 0 0 0 0 0 0 0 0 
第268个电影的向量为 0 0 0 0 0 0 0 0 1 0 0 0 0 0 1 0 0 0 0 
第269个电影的向量为 0 0 0 0 0 1 0 0 0 0 0 0 0 0 0 0 0 0 0 
第270个电影的向量为 0 0 0 0 0 0 0 0 1 0 0 0 0 0 0 1 1 0 0 
第271个电影的向量为 0 1 1 0 0 0 0 0 0 0 0 0 0 0 0 1 0 1 0 
第272个电影的向量为 0 0 0 0 0 0 0 0 1 0 0 0 0 0 0 0 0 0 0 
第273个电影的向量为 0 1 0 0 0 0 1 0 0 0 0 0 0 0 0 0 1 0 0 
第274个电影的向量为 0 0 0 0 0 1 0 0 0 0 0 0 0 0 1 0 0 0 0 
第275个电影的向量为 0 0 0 0 0 0 0 0 1 0 0 0 0 0 1 0 0 0 0 
第276个电影的向量为 0 0 0 0 0 0 0 0 1 0 0 0 0 0 1 0 0 0 0 
第277个电影的向量为 0 0 0 0 0 0 0 0 1 0 0 0 0 0 0 0 0 0 0 
第278个电影的向量为 0 0 0 0 0 0 0 0 1 0 0 0 0 0 1 0 0 0 0 
第279个电影的向量为 0 0 0 0 0 0 0 0 1 0 0 0 0 0 0 0 0 0 0 
第280个电影的向量为 0 0 0 0 0 0 0 0 1 0 0 0 0 0 1 0 0 0 0 
第281个电影的向量为 0 1 0 0 0 0 0 0 0 0 0 0 0 0 0 0 1 0 0 
第282个电影的向量为 0 0 0 0 0 0 0 0 1 0 0 0 0 0 0 0 0 0 0 
第283个电影的向量为 0 0 0 0 0 0 0 0 1 0 0 0 0 0 1 0 0 0 0 
第284个电影的向量为 0 0 0 0 0 1 0 0 0 0 0 0 0 0 1 0 0 0 0 
第285个电影的向量为 0 0 0 0 0 0 0 0 1 0 0 0 0 0 0 0 0 0 0 
第286个电影的向量为 0 0 0 0 0 0 0 0 1 0 0 0 0 0 1 0 0 1 0 
第287个电影的向量为 0 0 0 0 0 0 0 0 1 0 0 0 0 0 0 0 0 0 0 
第288个电影的向量为 0 0 0 0 0 0 0 0 0 0 0 1 0 0 0 0 1 0 0 
第289个电影的向量为 0 0 0 0 0 0 0 0 1 0 0 0 1 0 0 0 0 0 0 
第290个电影的向量为 0 0 0 0 0 1 0 0 0 0 0 0 0 0 0 0 0 0 0 
第291个电影的向量为 0 0 0 0 0 0 0 0 0 0 0 0 0 1 0 0 1 0 0 
第292个电影的向量为 0 0 0 0 0 0 0 0 1 0 0 0 0 0 0 0 0 0 0 
第293个电影的向量为 0 0 0 0 0 0 1 0 1 0 0 0 0 0 0 0 0 0 0 
第294个电影的向量为 0 0 0 0 0 1 0 0 0 0 0 0 0 0 0 0 0 0 0 
第295个电影的向量为 0 1 0 0 0 0 0 0 0 0 0 0 0 0 0 0 1 0 0 
第296个电影的向量为 0 0 0 0 0 0 0 0 1 0 0 0 0 0 0 0 0 0 0 
第297个电影的向量为 0 0 0 0 0 0 0 0 1 0 0 0 0 0 0 0 0 0 0 
第298个电影的向量为 0 1 0 0 0 0 0 0 0 0 0 0 0 0 0 1 1 0 0 
第299个电影的向量为 0 0 0 0 0 0 1 0 1 0 1 0 0 0 0 0 0 0 0 
第300个电影的向量为 0 1 0 0 0 0 0 0 0 0 0 0 0 0 0 0 1 0 0 
第301个电影的向量为 0 0 0 0 0 1 0 0 0 0 0 0 0 0 0 0 0 0 0 
第302个电影的向量为 0 0 0 0 0 0 1 0 0 0 1 0 0 1 0 0 1 0 0 
第303个电影的向量为 0 0 0 0 0 0 0 0 1 0 0 0 0 0 0 0 0 0 0 
第304个电影的向量为 0 0 1 0 1 0 0 0 0 0 0 0 0 0 0 0 0 0 0 
第305个电影的向量为 0 0 0 0 0 0 0 0 1 0 0 0 0 0 0 0 0 0 0 
第306个电影的向量为 0 0 0 0 0 0 0 0 1 0 0 0 0 0 1 0 0 0 0 
第307个电影的向量为 0 0 0 0 0 0 1 0 0 0 0 1 0 1 0 0 1 0 0 
第308个电影的向量为 0 0 0 0 1 0 0 0 1 1 0 0 0 0 0 0 0 0 0 
第309个电影的向量为 0 0 0 0 0 0 1 0 0 0 0 0 0 0 0 0 0 0 0 
第310个电影的向量为 0 0 0 0 0 0 0 0 1 0 0 0 0 0 0 0 0 0 0 
第311个电影的向量为 0 0 0 0 0 0 0 0 1 0 0 0 0 0 1 0 1 0 0 
第312个电影的向量为 0 0 0 0 0 1 1 0 1 0 0 0 0 1 0 0 0 0 0 
第313个电影的向量为 0 1 0 0 0 0 0 0 1 0 0 0 0 0 1 0 0 0 0 
第314个电影的向量为 0 1 0 0 1 0 0 0 0 0 0 0 0 0 0 0 0 0 0 
第315个电影的向量为 0 0 0 0 0 0 0 0 1 0 0 0 0 0 0 0 1 0 0 
第316个电影的向量为 0 0 0 0 0 1 0 0 1 0 0 0 0 0 0 0 0 0 0 
第317个电影的向量为 0 0 0 0 0 0 0 0 1 0 0 0 0 0 0 0 0 0 0 
第318个电影的向量为 0 0 0 0 0 0 0 0 1 0 0 0 0 0 0 0 0 1 0 
第319个电影的向量为 0 0 0 0 0 1 0 0 0 0 0 0 1 0 1 0 0 0 0 
第320个电影的向量为 0 0 0 0 0 0 0 1 0 0 0 0 0 0 0 0 0 0 0 
第321个电影的向量为 0 0 0 0 0 1 0 0 0 0 0 0 0 0 0 0 0 0 0 
第322个电影的向量为 0 0 0 0 0 0 0 0 0 0 0 0 0 1 0 0 1 0 0 
第323个电影的向量为 0 1 0 0 0 0 0 0 0 0 0 0 0 0 0 0 1 0 0 
第324个电影的向量为 0 0 0 0 0 0 0 0 0 0 0 0 0 1 0 0 0 0 0 
第325个电影的向量为 0 0 0 0 0 0 0 0 1 0 0 0 0 0 0 0 1 0 0 
第326个电影的向量为 0 1 0 0 0 0 0 0 1 0 0 0 0 0 0 0 0 1 0 
第327个电影的向量为 0 0 0 0 0 0 1 0 1 0 0 0 0 1 0 0 0 0 0 
第328个电影的向量为 0 1 0 0 0 0 0 0 0 0 0 0 0 1 1 0 1 0 0 
第329个电影的向量为 0 0 0 0 0 0 1 0 1 0 0 0 0 0 0 0 1 0 0 
第330个电影的向量为 0 0 0 0 0 0 0 0 1 0 0 0 0 0 0 0 0 0 0 
第331个电影的向量为 0 0 1 0 0 0 0 0 0 0 0 0 0 0 0 0 1 0 0 
第332个电影的向量为 0 0 0 0 0 0 1 0 1 0 0 0 0 0 0 0 1 0 0 
第333个电影的向量为 0 0 0 0 0 0 0 0 0 0 0 0 0 1 0 0 1 0 0 
第334个电影的向量为 0 1 0 0 0 0 1 0 0 0 0 0 0 1 0 0 0 0 0 
第335个电影的向量为 0 0 0 0 0 1 0 0 0 0 0 0 0 0 0 0 0 0 0 
第336个电影的向量为 0 0 0 0 0 0 1 0 0 0 0 0 0 0 0 0 1 0 0 
第337个电影的向量为 0 0 0 0 0 1 0 0 1 0 0 0 0 0 0 0 1 0 0 
第338个电影的向量为 0 0 0 0 0 1 0 0 0 0 0 0 0 0 0 0 0 0 0 
第339个电影的向量为 0 1 0 0 0 0 0 0 1 0 0 0 0 0 0 0 0 0 0 
第340个电影的向量为 0 0 0 0 0 0 0 0 1 0 0 0 0 0 0 0 0 0 0 
第341个电影的向量为 0 0 0 0 0 1 0 0 0 0 0 0 0 0 0 0 0 0 0 
第342个电影的向量为 0 0 0 0 0 1 0 0 0 0 0 0 0 1 0 0 0 0 0 
第343个电影的向量为 0 1 0 0 0 0 0 0 0 0 0 1 0 0 0 1 0 0 0 
第344个电影的向量为 0 0 0 0 0 0 0 0 1 0 0 0 0 0 0 0 0 0 0 
第345个电影的向量为 0 0 0 0 0 1 0 0 1 0 0 0 0 0 0 0 0 0 0 
第346个电影的向量为 0 0 0 0 0 0 1 0 1 0 0 0 0 0 0 0 0 0 0 
第347个电影的向量为 0 0 0 0 0 1 0 0 1 0 0 0 0 0 0 0 0 0 0 
第348个电影的向量为 0 0 0 0 0 0 1 0 1 0 0 0 0 0 0 0 1 0 0 
第349个电影的向量为 0 1 0 0 0 0 0 0 0 0 0 0 0 0 0 0 1 0 0 
第350个电影的向量为 0 1 0 0 0 0 0 0 0 0 0 0 0 1 0 0 1 0 0 
第351个电影的向量为 0 0 0 0 0 0 0 0 0 0 0 1 0 0 0 0 0 0 0 
第352个电影的向量为 0 0 0 0 0 1 0 0 0 0 0 0 1 0 0 0 0 0 0 
第353个电影的向量为 0 1 0 0 0 0 0 0 0 0 0 1 0 0 0 1 0 0 0 
第354个电影的向量为 0 0 0 0 0 1 0 0 0 0 0 0 0 0 1 0 0 0 0 
第355个电影的向量为 0 0 1 0 0 0 0 0 0 0 0 0 0 0 0 1 1 0 0 
第356个电影的向量为 0 0 0 0 0 0 0 0 1 0 0 0 0 1 0 0 1 0 0 
第357个电影的向量为 0 0 0 0 0 0 0 0 1 0 0 0 0 0 0 0 0 0 0 
第358个电影的向量为 0 1 1 0 0 0 0 0 0 0 0 0 0 0 0 1 1 0 0 
第359个电影的向量为 0 0 0 0 0 0 0 0 0 0 0 0 0 0 0 0 1 0 0 
第360个电影的向量为 0 0 0 0 0 0 0 1 0 0 0 0 0 0 0 0 0 0 0 
第361个电影的向量为 0 0 0 0 0 0 1 0 0 0 0 0 0 0 0 0 1 0 0 
第362个电影的向量为 0 1 0 0 0 1 0 0 0 0 0 0 1 0 0 0 0 0 0 
第363个电影的向量为 0 1 0 0 0 0 0 0 0 0 0 0 0 0 0 0 0 0 0 
第364个电影的向量为 0 0 0 0 0 1 0 0 0 0 0 0 0 0 0 0 0 0 0 
第365个电影的向量为 0 0 0 0 0 0 0 0 1 0 0 0 0 0 0 0 0 0 0 
第366个电影的向量为 0 0 0 0 0 0 0 0 1 0 0 0 0 0 0 0 0 0 0 
第367个电影的向量为 0 0 0 0 0 1 0 0 0 0 0 0 0 0 0 0 0 0 0 
第368个电影的向量为 0 0 0 0 0 1 0 0 0 0 0 0 0 0 0 0 0 0 0 
第369个电影的向量为 0 0 0 0 0 1 0 0 0 0 0 0 0 0 0 0 0 0 0 
第370个电影的向量为 0 0 0 0 0 0 0 0 1 0 0 0 0 0 0 0 1 0 0 
第371个电影的向量为 0 0 0 0 0 0 0 0 1 0 0 0 0 0 1 0 0 0 0 
第372个电影的向量为 0 0 0 0 0 1 0 0 0 0 0 0 0 0 0 0 0 0 0 
第373个电影的向量为 0 1 1 0 0 0 0 0 0 0 0 0 0 0 0 1 0 0 0 
第374个电影的向量为 0 1 0 0 1 0 0 0 0 0 0 0 0 0 0 0 0 0 0 
第375个电影的向量为 0 0 0 0 0 0 0 0 1 0 0 0 0 0 0 0 0 0 0 
第376个电影的向量为 0 0 0 0 0 1 0 0 0 0 0 0 0 0 0 0 0 0 0 
第377个电影的向量为 0 0 0 0 1 1 0 0 0 0 0 0 0 0 0 0 0 0 0 
第378个电影的向量为 0 0 0 0 0 0 0 0 1 0 0 0 0 0 0 0 0 0 0 
第379个电影的向量为 0 0 0 0 0 0 0 0 0 0 0 1 0 0 0 0 0 0 0 
第380个电影的向量为 0 1 1 0 0 0 0 0 0 0 0 0 0 0 0 1 0 0 0 
第381个电影的向量为 0 0 0 0 0 1 0 0 0 0 0 0 0 0 1 0 0 0 0 
第382个电影的向量为 0 0 0 0 0 1 0 0 1 0 0 0 0 0 0 0 0 0 0 
第383个电影的向量为 0 0 0 0 1 1 0 0 0 0 0 0 0 0 0 0 0 0 0 
第384个电影的向量为 0 0 0 0 0 1 0 0 0 0 0 0 0 0 0 0 0 0 0 
第385个电影的向量为 0 1 1 0 0 1 0 0 0 0 0 0 0 0 1 0 0 0 0 
第386个电影的向量为 0 0 0 0 0 1 0 0 0 0 0 0 0 0 0 0 0 0 0 
第387个电影的向量为 0 0 0 0 0 0 0 0 1 0 0 0 0 0 0 0 0 0 0 
第388个电影的向量为 0 1 0 0 0 1 0 0 0 0 0 0 0 0 0 0 0 0 0 
第389个电影的向量为 0 0 1 0 1 0 0 0 0 0 0 0 0 0 0 0 0 0 0 
第390个电影的向量为 0 0 0 0 0 1 0 0 0 0 0 0 0 0 0 0 0 0 0 
第391个电影的向量为 0 1 0 0 0 1 0 0 0 0 0 0 0 0 0 0 0 0 0 
第392个电影的向量为 0 0 0 0 0 0 0 0 1 0 0 0 0 0 0 0 0 0 0 
第393个电影的向量为 0 0 0 0 0 1 0 0 0 0 0 0 0 0 0 0 0 0 0 
第394个电影的向量为 0 0 0 0 0 1 0 0 0 0 0 0 0 1 1 0 0 0 0 
第395个电影的向量为 0 0 0 0 0 1 0 0 0 0 0 0 0 0 0 0 0 0 0 
第396个电影的向量为 0 0 0 0 0 1 1 0 0 0 0 1 0 0 0 0 0 0 0 
第397个电影的向量为 0 1 0 0 0 0 0 0 0 0 0 0 0 0 0 0 0 0 0 
第398个电影的向量为 0 1 1 0 1 0 0 0 0 0 0 0 0 0 0 1 0 0 0 
第399个电影的向量为 0 1 1 0 0 1 0 0 0 0 0 0 0 0 0 0 0 0 0 
第400个电影的向量为 0 0 0 0 1 1 0 0 0 0 0 0 0 0 0 0 0 0 0 
第401个电影的向量为 0 0 0 0 0 1 0 0 0 0 0 0 0 0 0 0 0 0 0 
第402个电影的向量为 0 0 0 0 0 1 0 0 0 0 0 0 0 0 1 0 1 0 0 
第403个电影的向量为 0 1 1 0 0 0 1 0 1 0 0 0 0 0 0 0 0 0 0 
第404个电影的向量为 0 0 0 1 1 0 0 0 0 0 0 0 0 0 0 0 0 0 0 
第405个电影的向量为 0 1 1 0 0 0 0 0 0 0 0 0 0 1 0 0 0 0 0 
第406个电影的向量为 0 0 0 0 0 0 0 0 0 0 0 1 0 0 0 0 1 0 0 
第407个电影的向量为 0 0 0 0 0 1 0 0 0 0 0 0 0 0 0 0 0 0 0 
第408个电影的向量为 0 0 0 1 0 1 0 0 0 0 0 0 0 0 0 0 1 0 0 
第409个电影的向量为 0 0 0 0 0 1 0 0 1 0 0 0 0 0 0 0 0 0 0 
第410个电影的向量为 0 0 0 0 0 1 0 0 0 0 0 0 0 0 0 0 0 0 0 
第411个电影的向量为 0 0 0 0 0 1 0 0 0 1 0 0 0 0 1 1 0 0 0 
第412个电影的向量为 0 0 0 0 0 1 0 0 0 0 0 0 0 0 0 0 0 0 0 
第413个电影的向量为 0 0 0 0 0 0 0 0 0 0 0 1 0 0 0 0 0 0 0 
第414个电影的向量为 0 0 0 0 0 1 0 0 0 0 0 0 0 0 0 0 0 0 0 
第415个电影的向量为 0 0 0 0 1 1 0 0 0 0 0 0 0 0 0 0 0 0 1 
第416个电影的向量为 0 0 0 0 1 0 0 0 1 0 0 0 0 0 0 0 0 0 0 
第417个电影的向量为 0 0 0 0 1 0 0 0 1 0 0 0 0 0 0 0 0 0 0 
第418个电影的向量为 0 0 0 1 1 0 0 0 0 0 0 0 1 0 0 0 0 0 0 
第419个电影的向量为 0 0 0 0 1 1 0 0 0 0 0 0 1 0 0 0 0 0 0 
第420个电影的向量为 0 0 0 1 1 0 0 0 0 0 0 0 1 0 0 0 0 0 0 
第421个电影的向量为 0 0 0 0 0 0 0 0 1 0 0 0 0 0 1 0 0 0 0 
第422个电影的向量为 0 0 0 1 1 1 0 0 0 0 0 0 0 0 0 0 0 0 0 
第423个电影的向量为 0 0 0 0 1 0 0 0 1 1 0 0 0 0 0 1 0 0 0 
第424个电影的向量为 0 0 0 0 0 0 0 0 0 0 0 1 0 0 0 0 0 0 0 
第425个电影的向量为 0 0 0 0 0 1 0 0 0 0 0 0 0 0 0 0 0 0 0 
第426个电影的向量为 0 1 0 1 1 0 0 0 0 0 0 0 0 0 0 1 1 1 0 
第427个电影的向量为 0 0 0 0 0 0 0 0 1 0 0 0 0 0 0 0 0 0 0 
第428个电影的向量为 0 0 0 0 0 1 0 0 0 0 0 0 0 0 0 0 0 0 0 
第429个电影的向量为 0 0 0 0 0 0 0 0 1 0 0 0 0 0 0 1 0 0 0 
第430个电影的向量为 0 0 0 0 0 1 0 0 0 0 0 0 0 0 0 0 0 1 0 
第431个电影的向量为 0 1 1 0 0 0 0 0 0 0 0 0 0 0 0 0 0 0 0 
第432个电影的向量为 0 0 0 1 1 0 0 0 0 0 0 0 1 0 0 0 0 0 0 
第433个电影的向量为 0 0 0 0 0 1 0 0 0 0 0 0 0 0 0 0 0 0 0 
第434个电影的向量为 0 0 0 0 0 0 0 0 0 0 0 0 0 0 0 1 0 0 0 
第435个电影的向量为 0 1 0 0 0 1 0 0 0 0 0 0 0 0 0 0 0 0 1 
第436个电影的向量为 0 0 0 0 0 0 0 0 0 0 0 1 0 0 0 0 0 0 0 
第437个电影的向量为 0 0 0 0 0 0 0 0 0 0 0 1 0 0 0 0 0 0 0 
第438个电影的向量为 0 0 0 0 0 0 0 0 0 0 0 1 0 0 0 0 0 0 0 
第439个电影的向量为 0 0 0 0 0 0 0 0 0 0 0 1 0 0 0 0 0 0 0 
第440个电影的向量为 0 0 0 0 0 0 0 0 0 0 0 1 0 0 0 0 0 0 0 
第441个电影的向量为 0 0 0 0 0 0 0 0 0 0 0 1 0 0 0 0 0 0 0 
第442个电影的向量为 0 0 0 0 0 0 0 0 0 0 0 1 0 0 0 0 0 0 0 
第443个电影的向量为 0 0 0 0 0 0 0 0 0 0 0 1 0 0 0 0 0 0 0 
第444个电影的向量为 0 0 0 0 0 0 0 0 0 0 0 1 0 0 0 1 0 0 0 
第445个电影的向量为 0 0 0 0 0 0 0 0 0 0 0 1 0 0 0 0 0 0 0 
第446个电影的向量为 0 0 0 0 0 0 0 0 0 0 0 1 0 0 0 0 0 0 0 
第447个电影的向量为 0 0 0 0 0 0 0 0 0 0 0 1 0 0 0 0 0 0 0 
第448个电影的向量为 0 0 0 0 0 0 0 0 0 0 0 1 0 0 0 0 0 0 0 
第449个电影的向量为 0 1 1 0 0 0 0 0 0 0 0 0 0 0 0 1 0 0 0 
第450个电影的向量为 0 1 1 0 0 0 0 0 0 0 0 0 0 0 0 1 0 0 0 
第451个电影的向量为 0 0 0 0 0 1 0 0 0 0 0 0 1 0 1 0 0 0 0 
第452个电影的向量为 0 1 0 0 0 0 0 0 0 0 0 1 0 0 0 0 0 0 0 
第453个电影的向量为 0 1 0 0 0 0 0 0 0 0 0 1 0 0 0 0 0 0 0 
第454个电影的向量为 0 0 0 0 0 0 0 0 1 0 0 0 0 0 0 0 0 0 0 
第455个电影的向量为 0 1 0 0 0 0 0 0 0 0 0 0 0 0 0 0 0 0 0 
第456个电影的向量为 0 1 0 0 0 1 0 0 0 0 0 0 0 0 0 0 0 0 0 
第457个电影的向量为 0 0 1 0 1 0 0 0 1 0 0 0 0 0 0 0 0 0 0 
第458个电影的向量为 0 0 0 0 0 0 0 0 1 0 0 0 0 0 0 0 0 0 0 
第459个电影的向量为 0 0 0 0 0 0 0 0 1 0 0 0 0 0 0 0 0 0 0 
第460个电影的向量为 0 0 0 0 0 0 0 0 1 0 0 0 0 0 0 0 0 0 0 
第461个电影的向量为 0 0 0 0 0 0 0 0 1 0 0 0 0 0 0 0 0 0 0 
第462个电影的向量为 0 0 0 0 0 0 0 0 1 0 0 0 0 0 1 0 0 0 0 
第463个电影的向量为 0 0 1 0 0 0 0 0 0 0 0 0 0 0 0 0 0 0 0 
第464个电影的向量为 0 0 0 0 0 0 0 0 1 0 0 0 0 0 0 0 0 0 0 
第465个电影的向量为 0 0 1 0 1 0 0 0 0 0 0 0 0 0 1 0 0 0 0 
第466个电影的向量为 0 0 0 0 0 0 0 0 0 0 0 0 0 0 0 0 1 0 0 
第467个电影的向量为 0 0 0 0 0 0 0 0 1 0 0 0 0 0 0 0 0 0 0 
第468个电影的向量为 0 0 0 0 0 0 0 0 1 0 0 0 0 0 0 0 0 0 0 
第469个电影的向量为 0 0 0 0 0 0 0 0 1 0 0 0 0 0 0 0 0 0 0 
第470个电影的向量为 0 0 0 0 0 0 0 0 0 0 0 0 0 0 0 0 0 0 1 
第471个电影的向量为 0 0 0 0 0 0 0 0 1 0 0 0 0 0 0 0 0 1 0 
第472个电影的向量为 0 1 1 0 0 0 0 0 0 1 0 0 0 0 0 0 0 0 0 
第473个电影的向量为 0 0 0 1 1 0 0 0 0 0 0 0 1 0 0 0 0 0 0 
第474个电影的向量为 0 0 0 0 0 0 0 0 0 0 0 0 0 0 0 1 0 1 0 
第475个电影的向量为 0 0 0 0 0 0 0 0 1 0 0 0 0 0 0 0 0 0 0 
第476个电影的向量为 0 0 0 0 0 1 0 0 0 0 0 0 0 0 0 0 0 0 0 
第477个电影的向量为 0 0 0 0 1 1 0 0 0 0 0 0 0 0 0 0 0 0 0 
第478个电影的向量为 0 0 0 0 0 1 0 0 0 0 0 0 0 0 1 0 0 0 0 
第479个电影的向量为 0 0 0 0 0 0 0 0 0 0 0 0 0 1 0 0 1 0 0 
第480个电影的向量为 0 0 0 0 0 1 0 0 0 0 0 0 0 0 0 0 1 0 0 
第481个电影的向量为 0 0 0 0 0 1 0 0 1 0 0 0 0 0 0 0 0 0 0 
第482个电影的向量为 0 0 0 0 0 1 1 0 0 0 0 0 0 0 0 0 0 0 0 
第483个电影的向量为 0 0 0 0 0 0 0 0 1 0 0 0 0 0 1 0 0 1 0 
第484个电影的向量为 0 0 0 0 0 0 0 0 0 0 1 0 0 1 0 0 0 0 0 
第485个电影的向量为 0 0 0 0 0 0 0 0 0 0 0 0 1 0 1 0 0 0 0 
第486个电影的向量为 0 0 0 0 0 1 0 0 0 0 0 0 0 0 1 0 0 0 0 
第487个电影的向量为 0 0 0 0 0 1 0 0 0 0 0 0 0 0 1 0 0 0 0 
第488个电影的向量为 0 0 0 0 0 0 0 0 0 0 1 0 0 0 0 0 0 0 0 
第489个电影的向量为 0 0 0 0 0 0 0 0 0 0 1 0 0 0 1 0 1 0 0 
第490个电影的向量为 0 0 0 0 0 1 0 0 0 0 0 0 0 0 1 0 1 0 0 
第491个电影的向量为 0 1 1 0 0 0 0 0 0 0 0 0 0 0 0 0 0 0 0 
第492个电影的向量为 0 0 0 0 0 0 0 0 1 0 0 0 0 0 0 0 0 0 0 
第493个电影的向量为 0 0 0 0 0 0 0 0 0 0 0 0 0 1 0 0 0 0 0 
第494个电影的向量为 0 0 0 0 0 1 0 0 0 0 0 0 0 0 0 0 0 0 0 
第495个电影的向量为 0 0 1 0 0 1 0 0 0 0 0 0 0 0 0 0 0 0 0 
第496个电影的向量为 0 0 0 0 0 0 0 0 1 0 0 0 0 0 0 0 0 0 0 
第497个电影的向量为 0 0 0 0 0 1 0 0 0 0 0 0 0 0 0 0 0 0 0 
第498个电影的向量为 0 1 1 0 0 0 0 0 0 0 0 0 0 0 1 0 0 1 0 
第499个电影的向量为 0 0 0 0 0 0 0 0 1 0 0 0 0 0 0 0 0 0 0 
第500个电影的向量为 0 0 1 0 1 0 0 0 0 0 0 0 0 0 0 0 0 0 0 
第501个电影的向量为 0 0 0 1 1 0 0 0 0 0 0 0 1 0 0 0 0 0 0 
第502个电影的向量为 0 0 0 0 0 1 0 0 0 0 0 0 0 0 0 0 0 1 0 
第503个电影的向量为 0 0 0 0 0 0 0 0 1 0 0 0 0 0 0 0 0 0 0 
第504个电影的向量为 0 0 0 0 0 0 1 0 1 0 0 0 0 0 0 0 0 0 0 
第505个电影的向量为 0 0 0 0 0 0 0 0 0 0 0 0 0 1 0 0 1 0 0 
第506个电影的向量为 0 0 0 0 0 0 0 0 1 0 0 0 0 0 0 0 0 0 0 
第507个电影的向量为 0 0 0 0 0 0 0 0 1 0 0 0 0 0 0 0 0 0 0 
第508个电影的向量为 0 0 0 0 0 0 0 0 1 0 0 0 0 0 0 0 0 0 0 
第509个电影的向量为 0 0 0 0 0 0 0 0 1 0 0 0 0 0 0 0 0 0 0 
第510个电影的向量为 0 1 0 0 0 0 0 0 1 0 0 0 0 0 0 0 0 0 1 
第511个电影的向量为 0 0 1 0 0 0 0 0 0 0 0 0 0 0 0 0 0 1 0 
第512个电影的向量为 0 0 0 0 0 1 0 0 1 0 0 0 0 0 1 0 0 0 0 
第513个电影的向量为 0 0 0 0 0 0 0 0 0 0 0 0 0 1 0 0 1 0 0 
第514个电影的向量为 0 0 0 0 0 1 0 0 0 0 0 0 0 0 1 0 0 0 0 
第515个电影的向量为 0 1 0 0 0 0 0 0 1 0 0 0 0 0 0 0 0 1 0 
第516个电影的向量为 0 0 0 0 0 1 0 0 0 0 0 0 0 0 0 0 0 0 0 
第517个电影的向量为 0 0 0 0 0 1 0 0 1 0 0 0 0 0 1 0 0 0 0 
第518个电影的向量为 0 0 0 0 0 0 0 0 1 0 0 0 0 0 0 0 0 0 0 
第519个电影的向量为 0 0 1 0 0 0 0 0 0 0 0 0 0 0 0 0 0 0 0 
第520个电影的向量为 0 0 1 0 0 0 0 0 0 0 0 0 0 0 0 0 0 1 0 
第521个电影的向量为 0 0 0 0 0 0 0 0 1 0 0 0 0 0 0 0 0 1 0 
第522个电影的向量为 0 0 0 0 0 1 0 0 1 0 0 0 0 0 0 0 0 0 0 
第523个电影的向量为 0 0 0 0 0 1 0 0 1 0 0 0 0 0 0 0 0 0 0 
第524个电影的向量为 0 0 0 0 0 1 0 0 0 0 0 0 0 0 0 0 0 0 0 
第525个电影的向量为 0 0 0 0 0 0 0 0 0 0 1 0 0 1 0 0 0 0 0 
第526个电影的向量为 0 1 1 0 0 0 0 0 1 0 0 0 0 0 0 0 0 0 0 
第527个电影的向量为 0 0 0 0 0 0 0 0 1 0 0 0 0 0 0 0 0 0 0 
第528个电影的向量为 0 0 0 0 0 0 0 0 1 0 0 0 0 0 0 0 0 1 0 
第529个电影的向量为 0 0 0 0 0 0 0 0 1 0 0 0 0 0 0 0 0 0 0 
第530个电影的向量为 0 0 1 0 0 0 0 0 0 0 0 0 0 0 0 0 0 0 0 
第531个电影的向量为 0 0 0 0 0 0 0 0 1 0 0 0 0 0 1 0 0 0 0 
第532个电影的向量为 0 0 0 0 0 0 0 0 0 0 0 0 0 0 1 0 0 0 0 
第533个电影的向量为 0 0 0 0 0 0 0 0 0 0 0 0 0 1 0 0 0 0 0 
第534个电影的向量为 0 0 0 0 0 0 0 0 1 0 0 0 0 0 0 0 0 0 0 
第535个电影的向量为 0 0 0 0 0 1 0 0 0 0 0 0 0 0 1 0 0 0 0 
第536个电影的向量为 0 0 0 0 0 0 0 0 1 0 0 0 0 0 0 0 0 0 0 
第537个电影的向量为 0 0 0 0 0 0 0 0 1 0 0 0 0 0 0 0 0 0 0 
第538个电影的向量为 0 0 0 1 1 0 0 0 0 0 0 0 1 0 0 0 0 0 0 
第539个电影的向量为 0 0 0 0 1 1 0 0 0 0 0 0 0 0 0 0 0 0 0 
第540个电影的向量为 0 1 0 0 0 0 0 0 0 0 0 0 0 0 0 0 0 0 0 
第541个电影的向量为 0 1 1 0 0 0 0 0 0 0 0 0 0 0 0 0 0 0 0 
第542个电影的向量为 0 0 0 1 1 0 0 0 0 0 0 0 1 0 1 0 0 0 0 
第543个电影的向量为 0 0 0 0 0 0 0 0 1 0 0 0 1 0 0 0 0 0 0 
第544个电影的向量为 0 0 0 0 0 0 1 0 1 0 0 0 0 0 1 0 0 0 0 
第545个电影的向量为 0 0 0 0 0 1 0 0 0 0 0 0 0 0 1 0 0 0 0 
第546个电影的向量为 0 1 0 0 0 0 0 0 0 0 0 0 0 0 0 0 1 0 0 
第547个电影的向量为 0 0 0 0 0 0 1 0 0 0 0 0 0 0 0 0 0 0 0 
第548个电影的向量为 0 0 0 0 1 0 0 0 0 1 0 0 0 0 0 0 0 0 0 
第549个电影的向量为 0 0 0 0 0 0 0 0 1 0 0 0 0 0 1 0 0 1 0 
第550个电影的向量为 0 1 0 0 0 0 0 0 0 0 0 0 0 0 0 0 1 0 0 
第551个电影的向量为 0 0 0 0 0 0 0 0 0 0 0 1 0 0 0 0 0 0 0 
第552个电影的向量为 0 0 0 0 0 0 0 0 0 0 0 0 0 0 0 1 0 0 0 
第553个电影的向量为 0 0 0 0 0 0 0 0 1 0 0 0 0 0 1 0 0 0 0 
第554个电影的向量为 0 1 1 0 0 0 0 0 0 0 0 0 0 0 0 0 0 0 0 
第555个电影的向量为 0 0 0 0 0 0 0 0 1 0 0 0 0 0 0 0 0 0 0 
第556个电影的向量为 0 0 0 0 0 0 0 0 0 0 0 0 0 0 0 0 0 0 1 
第557个电影的向量为 0 0 0 0 0 0 0 0 1 0 0 0 1 0 0 0 0 0 0 
第558个电影的向量为 0 0 0 0 0 0 0 0 1 1 0 0 0 0 0 0 1 0 0 
第559个电影的向量为 0 0 0 0 0 0 0 0 1 0 0 1 0 0 0 0 0 0 0 
第560个电影的向量为 0 0 1 0 1 1 0 0 0 1 0 0 0 0 1 1 0 0 0 
第561个电影的向量为 0 0 0 0 0 0 0 0 1 0 0 1 0 0 0 0 0 0 0 
第562个电影的向量为 0 1 1 0 0 0 0 0 0 0 0 0 0 0 0 0 0 0 1 
第563个电影的向量为 0 0 0 0 0 0 0 0 0 0 0 1 0 0 0 0 0 0 0 
第564个电影的向量为 0 0 0 0 0 1 0 0 0 0 0 1 0 0 0 0 0 0 0 
第565个电影的向量为 0 0 0 0 0 0 0 0 0 0 0 1 0 0 0 0 1 0 0 
第566个电影的向量为 0 1 1 0 0 0 0 0 0 0 0 0 0 0 0 0 1 0 0 
第567个电影的向量为 0 0 0 0 0 0 0 0 0 0 0 1 0 0 0 0 0 0 0 
第568个电影的向量为 0 1 0 0 0 0 0 0 0 0 0 0 0 0 1 0 1 0 0 
第569个电影的向量为 0 0 0 0 0 0 0 0 1 0 0 1 0 0 0 0 0 0 0 
第570个电影的向量为 0 0 0 0 0 0 0 0 0 0 0 0 0 0 0 0 0 0 1 
第571个电影的向量为 0 0 0 0 0 1 0 0 0 0 0 0 0 0 0 0 1 0 0 
第572个电影的向量为 0 1 0 0 0 0 0 0 0 0 0 0 0 0 0 0 1 0 0 
第573个电影的向量为 0 0 0 0 0 0 0 0 0 0 0 1 0 0 0 1 1 0 0 
第574个电影的向量为 0 0 0 0 0 0 0 0 0 0 0 0 0 1 1 0 1 0 0 
第575个电影的向量为 0 0 0 0 0 1 0 0 0 0 0 0 0 0 0 0 0 0 1 
第576个电影的向量为 0 1 1 0 0 0 1 0 0 0 0 0 0 0 0 0 0 0 0 
第577个电影的向量为 0 0 0 0 0 1 0 0 0 0 0 0 0 0 0 1 0 0 0 
第578个电影的向量为 0 1 0 0 0 0 0 0 0 0 0 0 0 0 0 1 0 0 0 
第579个电影的向量为 0 0 0 0 0 1 0 0 0 0 0 0 0 0 0 0 0 0 0 
第580个电影的向量为 0 0 0 0 0 1 0 0 0 0 0 0 0 0 1 0 0 0 0 
第581个电影的向量为 0 0 0 0 0 0 0 0 1 0 0 0 0 0 0 0 1 0 0 
第582个电影的向量为 0 0 0 0 0 0 0 0 1 0 0 0 0 0 1 0 0 0 0 
第583个电影的向量为 0 0 0 0 0 0 1 0 0 0 0 0 0 0 0 0 1 0 0 
第584个电影的向量为 0 0 0 0 1 0 0 0 1 0 0 0 0 0 0 0 0 0 0 
第585个电影的向量为 0 0 0 0 0 1 0 0 0 0 0 0 0 0 0 0 0 0 0 
第586个电影的向量为 0 1 0 0 0 0 0 0 0 0 0 0 0 0 0 0 0 0 0 
第587个电影的向量为 0 0 0 0 0 0 0 0 1 0 0 0 0 1 0 0 0 0 0 
第588个电影的向量为 0 0 0 1 1 0 0 0 0 0 0 0 1 0 0 0 0 0 0 
第589个电影的向量为 0 0 0 0 0 0 0 0 0 0 0 0 0 0 0 0 0 0 1 
第590个电影的向量为 0 1 0 0 0 0 0 0 0 0 0 1 0 0 0 1 0 0 0 
第591个电影的向量为 0 0 0 0 0 0 0 0 1 0 0 0 0 0 0 0 1 0 0 
第592个电影的向量为 0 0 0 0 0 0 0 0 0 0 0 0 0 1 0 0 1 0 0 
第593个电影的向量为 0 0 0 0 0 0 0 0 0 0 0 0 0 0 0 0 0 1 0 
第594个电影的向量为 0 0 0 0 0 0 0 0 1 0 0 0 0 0 1 0 0 0 0 
第595个电影的向量为 0 0 0 0 0 0 0 0 0 0 0 0 0 0 0 0 1 0 0 
第596个电影的向量为 0 0 0 1 1 0 0 0 0 0 0 0 1 0 0 0 0 0 0 
第597个电影的向量为 0 1 0 0 0 0 0 0 0 0 0 0 0 0 0 0 1 0 0 
第598个电影的向量为 0 0 0 0 0 1 0 0 1 0 0 0 0 0 0 0 0 0 0 
第599个电影的向量为 0 1 0 0 0 0 0 0 0 0 0 0 0 0 0 0 0 0 0 
第600个电影的向量为 0 0 0 0 1 0 0 0 0 0 0 0 0 0 0 0 0 0 0 
第601个电影的向量为 0 0 1 0 0 0 0 0 0 0 0 0 0 0 0 0 0 1 0 
第602个电影的向量为 0 0 0 0 0 0 0 0 0 0 0 0 1 0 1 0 0 0 0 
第603个电影的向量为 0 0 0 0 0 0 0 0 0 0 0 0 0 1 0 0 1 0 0 
第604个电影的向量为 0 0 0 0 0 1 0 0 0 0 0 0 0 0 0 0 0 0 0 
第605个电影的向量为 0 0 0 0 0 0 0 0 0 0 0 0 1 0 0 0 0 0 0 
第606个电影的向量为 0 0 0 0 0 0 0 0 1 0 0 0 0 0 0 0 0 0 0 
第607个电影的向量为 0 0 0 0 0 0 0 0 0 0 0 0 0 0 1 0 1 0 0 
第608个电影的向量为 0 0 0 0 0 0 0 0 0 0 0 0 0 1 1 0 1 0 0 
第609个电影的向量为 0 0 0 0 0 1 0 0 0 0 0 0 0 0 0 0 0 0 0 
第610个电影的向量为 0 0 0 0 0 0 0 0 0 0 0 0 1 0 0 0 0 0 0 
第611个电影的向量为 0 0 0 0 0 0 1 0 0 0 1 0 0 1 0 0 0 0 0 
第612个电影的向量为 0 0 0 0 0 0 0 0 1 0 0 0 0 0 0 0 0 0 0 
第613个电影的向量为 0 0 0 0 0 1 0 0 0 0 0 0 0 0 0 0 0 0 0 
第614个电影的向量为 0 0 0 0 0 0 0 0 1 0 0 0 0 0 0 0 0 0 0 
第615个电影的向量为 0 0 0 0 0 0 0 0 0 0 0 0 0 0 0 0 1 0 0 
第616个电影的向量为 0 0 0 0 0 0 0 0 0 0 0 1 0 0 0 1 0 0 0 
第617个电影的向量为 0 0 0 0 0 0 0 0 1 0 0 0 0 0 0 0 0 0 0 
第618个电影的向量为 0 0 0 0 0 0 0 0 1 0 0 0 0 0 0 0 0 0 0 
第619个电影的向量为 0 0 0 0 0 0 0 0 1 0 0 0 0 0 0 0 1 0 0 
第620个电影的向量为 0 0 0 0 0 0 0 0 1 0 0 0 0 0 0 0 0 0 0 
第621个电影的向量为 0 0 0 0 0 0 0 0 0 0 0 0 0 0 0 0 0 0 1 
第622个电影的向量为 0 0 1 0 1 0 0 0 0 0 0 0 0 0 0 0 0 0 0 
第623个电影的向量为 0 0 0 0 1 1 0 0 0 0 0 0 0 0 0 0 0 0 0 
第624个电影的向量为 0 0 0 1 1 0 0 0 0 0 0 0 1 0 0 0 0 0 0 
第625个电影的向量为 0 0 0 1 1 0 0 0 0 0 0 0 0 0 0 0 0 0 0 
第626个电影的向量为 0 0 0 0 1 0 0 0 1 0 0 0 0 0 0 0 0 0 0 
第627个电影的向量为 0 0 0 0 0 0 0 0 1 0 0 0 0 0 0 0 0 0 0 
第628个电影的向量为 0 0 0 0 0 0 1 0 1 0 0 0 0 0 0 0 0 0 0 
第629个电影的向量为 0 0 0 0 0 1 0 0 0 0 0 0 1 0 0 0 0 0 0 
第630个电影的向量为 0 0 0 0 0 1 0 0 0 0 0 0 1 0 0 0 0 0 0 
第631个电影的向量为 0 1 0 0 0 0 0 0 1 0 0 0 0 0 1 0 0 1 0 
第632个电影的向量为 0 0 0 0 0 0 0 0 1 0 0 0 0 0 0 0 0 0 0 
第633个电影的向量为 0 0 0 0 0 0 0 0 1 0 0 0 0 0 0 0 0 0 0 
第634个电影的向量为 0 0 0 0 0 0 0 1 0 0 0 0 0 0 0 0 0 0 0 
第635个电影的向量为 0 0 0 0 0 0 0 0 0 0 0 1 0 0 0 0 0 0 0 
第636个电影的向量为 0 1 1 0 0 0 0 0 0 0 0 0 0 0 0 1 1 0 0 
第637个电影的向量为 0 0 0 0 0 1 0 0 0 0 0 1 0 0 0 0 0 0 0 
第638个电影的向量为 0 0 0 0 0 0 0 0 1 0 0 0 0 0 0 0 0 0 0 
第639个电影的向量为 0 0 0 0 0 0 0 0 1 0 0 0 0 0 0 0 0 0 0 
第640个电影的向量为 0 0 0 0 0 0 0 0 1 0 0 0 0 0 0 0 0 0 0 
第641个电影的向量为 0 0 0 0 0 0 0 0 1 0 0 0 0 0 0 0 0 1 0 
第642个电影的向量为 0 0 0 0 0 0 1 0 1 0 1 0 0 0 0 0 0 0 0 
第643个电影的向量为 0 0 0 0 0 0 0 0 1 0 0 0 0 0 1 0 0 0 0 
第644个电影的向量为 0 0 0 0 0 0 0 1 0 0 0 0 0 0 0 0 0 0 0 
第645个电影的向量为 0 0 0 0 0 0 0 1 0 0 0 0 0 0 0 0 0 0 0 
第646个电影的向量为 0 0 0 0 0 0 0 0 0 0 0 0 0 0 0 0 0 0 1 
第647个电影的向量为 0 0 0 0 0 0 0 0 1 0 0 0 0 0 0 0 0 1 0 
第648个电影的向量为 0 0 0 0 0 1 0 0 0 0 0 0 0 0 1 0 0 0 0 
第649个电影的向量为 0 0 0 0 0 0 1 0 1 0 0 0 0 0 0 0 1 0 0 
第650个电影的向量为 0 0 0 0 0 0 0 0 1 0 0 0 0 0 0 0 0 0 0 
第651个电影的向量为 0 1 0 0 0 0 0 0 1 0 0 0 0 0 0 0 0 1 0 
第652个电影的向量为 0 0 0 0 0 1 0 0 1 0 0 0 0 0 0 0 0 0 0 
第653个电影的向量为 0 0 0 0 0 0 1 0 0 0 1 0 0 0 0 0 1 0 0 
第654个电影的向量为 0 0 0 0 0 0 0 0 0 0 1 0 0 1 0 0 1 0 0 
第655个电影的向量为 0 0 1 0 0 1 0 0 1 0 0 0 0 0 0 0 0 0 0 
第656个电影的向量为 0 0 0 0 0 0 1 0 0 0 1 0 0 0 0 0 1 0 0 
第657个电影的向量为 0 0 0 0 0 0 0 0 0 0 1 0 0 0 0 0 1 0 0 
第658个电影的向量为 0 0 0 0 0 0 0 0 1 0 0 0 0 0 0 0 0 0 0 
第659个电影的向量为 0 0 0 0 0 1 0 0 0 0 0 0 0 1 0 0 1 0 0 
第660个电影的向量为 0 0 0 0 0 0 0 0 1 0 0 0 0 0 0 0 0 0 0 
第661个电影的向量为 0 0 0 0 0 0 0 0 0 0 0 0 0 0 0 0 0 0 1 
第662个电影的向量为 0 0 0 0 0 0 0 0 1 0 0 0 0 0 1 0 0 0 0 
第663个电影的向量为 0 0 0 0 0 1 0 0 0 0 0 0 0 0 0 0 0 0 0 
第664个电影的向量为 0 0 0 0 0 0 0 0 1 0 0 0 0 0 0 0 0 0 0 
第665个电影的向量为 0 1 0 0 0 0 0 0 0 0 0 1 0 0 0 1 1 0 0 
第666个电影的向量为 0 0 0 0 0 0 0 0 0 0 0 1 0 0 0 0 0 0 0 
第667个电影的向量为 0 0 0 0 0 0 0 0 0 0 0 1 0 0 0 0 0 0 0 
第668个电影的向量为 0 1 0 0 0 0 0 0 0 0 0 1 0 0 0 0 0 0 0 
第669个电影的向量为 0 0 0 0 0 0 0 0 0 0 0 1 0 0 0 0 0 0 0 
第670个电影的向量为 0 0 0 0 0 0 0 0 0 0 0 1 0 0 0 1 1 0 0 
第671个电影的向量为 0 0 0 0 0 0 0 0 0 0 0 1 0 0 0 0 0 0 0 
第672个电影的向量为 0 0 0 0 0 0 0 0 0 0 0 1 0 0 0 0 0 0 0 
第673个电影的向量为 0 0 0 0 0 0 0 0 0 0 1 0 0 0 0 0 1 0 0 
第674个电影的向量为 0 0 0 0 0 0 0 0 0 0 0 1 0 0 0 0 0 0 0 
第675个电影的向量为 0 0 0 0 0 0 0 0 0 0 0 1 0 0 0 0 0 0 0 
第676个电影的向量为 0 0 0 0 0 0 0 0 1 0 0 0 0 0 0 0 0 0 0 
第677个电影的向量为 0 0 0 0 0 0 0 1 0 0 0 0 0 0 0 0 0 0 0 
第678个电影的向量为 0 0 0 0 0 0 0 0 1 0 0 0 0 0 0 0 1 0 0 
第679个电影的向量为 0 1 1 0 0 0 0 0 0 0 0 0 0 0 0 0 0 0 0 
第680个电影的向量为 0 1 1 0 0 0 0 0 0 0 0 0 0 0 0 0 0 0 0 
第681个电影的向量为 0 0 0 0 0 0 0 0 0 0 0 1 0 0 0 0 0 0 0 
第682个电影的向量为 0 0 0 0 0 0 0 0 0 0 0 1 0 1 0 0 1 0 0 
第683个电影的向量为 0 0 0 0 0 1 0 0 0 0 0 0 0 0 0 0 0 0 0 
第684个电影的向量为 0 1 0 0 0 0 0 0 0 0 0 0 0 0 0 0 1 0 0 
第685个电影的向量为 0 1 0 0 0 0 0 0 0 0 0 0 0 0 0 0 1 0 0 
第686个电影的向量为 0 1 0 0 0 0 0 0 1 0 0 0 0 0 0 0 0 0 0 
第687个电影的向量为 0 0 0 0 0 1 0 0 0 0 0 0 0 0 0 0 0 1 0 
第688个电影的向量为 0 0 0 0 0 1 0 0 0 0 0 0 0 0 0 0 0 0 0 
第689个电影的向量为 0 1 0 0 0 0 0 0 0 0 0 0 0 0 0 0 1 0 0 
第690个电影的向量为 0 0 0 0 0 0 0 0 1 0 0 0 0 0 0 0 0 1 0 
第691个电影的向量为 0 0 0 0 0 0 0 0 0 0 1 0 0 0 0 1 1 0 0 
第692个电影的向量为 0 0 0 0 0 1 0 0 1 0 0 0 0 0 1 0 0 0 0 
第693个电影的向量为 0 0 0 0 0 0 0 0 1 0 0 0 0 0 0 0 0 0 0 
第694个电影的向量为 0 0 0 0 0 0 0 0 0 0 0 0 0 0 1 0 0 0 0 
第695个电影的向量为 0 0 0 0 0 1 0 0 1 0 0 0 0 0 0 0 0 0 0 
第696个电影的向量为 0 0 0 0 0 0 0 0 1 0 0 0 0 0 0 0 1 0 0 
第697个电影的向量为 0 0 0 0 0 0 0 0 1 0 0 0 0 0 0 0 0 0 0 
第698个电影的向量为 0 0 0 0 0 0 0 0 1 0 0 0 0 0 0 0 0 0 0 
第699个电影的向量为 0 0 0 0 0 0 0 0 1 0 0 0 0 0 0 0 0 0 0 
第700个电影的向量为 0 0 0 0 0 1 0 0 0 0 0 0 0 0 0 0 0 0 0 
第701个电影的向量为 0 0 0 0 0 0 0 1 0 0 0 0 0 0 0 0 0 0 0 
第702个电影的向量为 0 0 0 0 0 1 0 0 0 0 0 0 0 0 1 0 0 0 0 
第703个电影的向量为 0 0 0 0 0 0 0 0 1 0 0 0 0 0 0 0 0 0 0 
第704个电影的向量为 0 0 0 0 0 0 0 0 1 0 0 0 0 0 1 0 0 0 0 
第705个电影的向量为 0 0 0 0 0 0 0 0 0 0 0 0 1 0 1 0 0 0 0 
第706个电影的向量为 0 0 0 0 0 0 0 0 0 0 0 1 0 0 0 0 0 0 0 
第707个电影的向量为 0 0 0 0 0 0 0 0 1 0 0 0 0 0 0 0 0 0 0 
第708个电影的向量为 0 0 0 0 0 0 0 0 1 0 0 0 0 0 0 0 0 0 0 
第709个电影的向量为 0 0 0 0 0 1 0 0 0 0 0 0 0 0 1 0 0 0 0 
第710个电影的向量为 0 0 0 0 0 1 0 0 0 0 0 0 0 0 0 0 0 0 0 
第711个电影的向量为 0 0 0 0 0 0 0 0 1 0 0 0 0 0 0 0 0 0 0 
第712个电影的向量为 0 0 0 0 0 1 0 0 1 0 0 0 0 0 0 0 0 0 0 
第713个电影的向量为 0 0 0 0 0 0 0 0 1 0 0 0 0 0 0 0 0 0 0 
第714个电影的向量为 0 0 0 0 0 0 0 0 1 0 0 0 0 0 1 0 0 0 0 
第715个电影的向量为 0 0 0 0 0 1 0 0 1 0 0 0 0 0 0 0 0 0 0 
第716个电影的向量为 0 0 0 0 0 0 0 0 1 0 0 0 0 0 1 0 0 0 0 
第717个电影的向量为 0 0 0 0 0 0 0 0 1 0 0 0 0 0 0 0 1 0 0 
第718个电影的向量为 0 0 0 0 0 1 0 0 0 0 0 0 0 0 0 0 0 0 0 
第719个电影的向量为 0 0 0 0 0 1 0 0 0 0 0 0 0 0 0 0 0 1 0 
第720个电影的向量为 0 1 1 0 0 0 0 0 1 0 0 0 0 0 1 0 0 0 0 
第721个电影的向量为 0 0 0 0 0 1 0 0 0 0 0 0 0 0 0 0 0 0 0 
第722个电影的向量为 0 0 0 0 0 1 0 0 0 0 0 0 0 0 0 0 0 0 0 
第723个电影的向量为 0 0 0 0 0 1 0 0 1 0 0 0 0 0 0 0 0 0 0 
第724个电影的向量为 0 0 0 0 0 0 0 0 1 0 0 0 0 0 1 0 0 0 0 
第725个电影的向量为 0 0 0 0 0 1 0 0 0 0 0 0 0 0 0 0 0 0 0 
第726个电影的向量为 0 0 0 0 1 0 0 0 1 0 0 0 0 0 0 0 0 0 0 
第727个电影的向量为 0 0 0 0 0 0 0 0 1 0 0 0 0 0 1 0 0 0 0 
第728个电影的向量为 0 0 0 0 0 1 0 0 0 0 0 0 0 0 0 1 0 0 0 
第729个电影的向量为 0 0 0 0 0 0 0 0 1 0 0 0 0 0 0 0 0 0 0 
第730个电影的向量为 0 0 0 0 0 0 0 0 1 0 0 0 0 0 1 0 0 0 0 
第731个电影的向量为 0 0 0 0 0 1 0 0 1 0 0 0 0 0 1 0 0 0 0 
第732个电影的向量为 0 0 0 0 0 1 0 0 0 0 0 0 0 0 1 0 0 0 0 
第733个电影的向量为 0 0 0 0 0 0 0 0 1 0 0 0 0 0 1 0 0 0 0 
第734个电影的向量为 0 0 0 0 0 1 0 0 0 0 0 0 0 0 0 0 0 0 0 
第735个电影的向量为 0 0 0 0 0 0 0 0 1 0 0 0 0 0 0 0 0 0 0 
第736个电影的向量为 0 0 0 0 0 0 0 0 1 0 0 0 0 0 1 0 0 0 0 
第737个电影的向量为 0 0 0 0 0 1 0 0 1 0 0 0 0 0 0 0 0 0 0 
第738个电影的向量为 0 0 0 0 0 1 0 0 0 0 0 0 0 0 1 0 0 0 0 
第739个电影的向量为 0 0 0 0 0 1 0 0 0 0 0 0 0 0 1 0 0 0 0 
第740个电影的向量为 0 0 0 0 0 0 0 0 1 0 0 0 0 0 1 0 0 0 0 
第741个电影的向量为 0 0 0 0 0 0 0 0 1 0 0 0 0 0 0 0 1 0 0 
第742个电影的向量为 0 0 0 0 0 0 0 0 1 0 0 0 0 0 0 0 1 0 0 
第743个电影的向量为 0 1 0 0 0 0 0 0 0 0 0 0 0 0 0 0 1 0 0 
第744个电影的向量为 0 0 0 0 0 0 0 0 1 0 0 0 0 0 0 0 0 1 0 
第745个电影的向量为 0 0 0 0 0 1 0 0 0 0 0 0 0 0 0 0 0 0 0 
第746个电影的向量为 0 0 0 0 0 1 0 0 0 0 0 0 0 0 0 0 0 0 0 
第747个电影的向量为 0 0 0 0 0 1 0 0 0 0 0 0 0 0 1 0 0 0 0 
第748个电影的向量为 0 1 0 0 0 0 0 0 0 0 0 0 0 0 1 0 1 0 0 
第749个电影的向量为 0 0 0 0 0 1 0 0 0 0 0 0 0 0 1 0 0 0 0 
第750个电影的向量为 0 0 0 0 0 0 0 0 1 0 0 0 0 0 0 0 0 0 0 
第751个电影的向量为 0 1 0 0 0 0 0 0 0 0 0 0 0 0 1 0 1 0 0 
第752个电影的向量为 0 1 0 0 0 0 0 0 0 0 0 0 0 0 0 0 1 0 0 
第753个电影的向量为 0 0 0 0 0 0 0 0 1 0 0 0 0 0 0 0 0 0 0 
第754个电影的向量为 0 0 0 0 0 0 1 0 0 0 0 0 0 0 0 0 1 0 0 
第755个电影的向量为 0 1 1 0 1 0 0 0 0 1 0 0 0 0 0 1 0 0 0 
第756个电影的向量为 0 0 0 0 0 1 0 0 0 0 0 0 0 0 0 0 0 0 0 
第757个电影的向量为 0 0 0 0 0 0 0 1 0 0 0 0 0 0 0 0 0 0 0 
第758个电影的向量为 0 0 0 0 0 0 0 0 0 0 0 0 0 0 0 1 1 0 0 
第759个电影的向量为 0 1 0 0 0 0 0 0 0 0 0 0 0 0 0 0 0 0 0 
第760个电影的向量为 0 0 0 0 0 0 0 0 0 0 0 0 0 0 0 1 0 0 0 
第761个电影的向量为 0 1 0 0 0 0 0 0 0 0 0 0 0 0 0 0 1 0 0 
第762个电影的向量为 0 0 0 0 0 0 0 0 1 0 0 0 0 0 0 0 0 0 0 
第763个电影的向量为 0 0 0 0 0 1 0 0 0 0 0 0 0 0 0 0 0 0 0 
第764个电影的向量为 0 0 0 0 0 1 0 0 0 0 0 0 0 0 1 0 0 0 0 
第765个电影的向量为 0 0 0 0 0 1 0 0 0 0 0 0 0 0 1 0 0 0 0 
第766个电影的向量为 0 0 0 0 0 0 0 1 0 0 0 0 0 0 0 0 0 0 0 
第767个电影的向量为 0 0 0 0 0 0 0 0 0 0 0 1 0 0 0 0 0 0 0 
第768个电影的向量为 0 0 1 0 1 0 0 0 0 0 0 0 0 0 0 0 0 0 0 
第769个电影的向量为 0 1 1 0 0 0 0 0 0 0 0 0 0 1 0 1 0 0 0 
第770个电影的向量为 0 0 0 0 0 0 1 0 0 0 1 0 0 1 0 0 1 0 0 
第771个电影的向量为 0 1 0 0 0 0 0 0 0 0 0 0 0 0 0 1 1 0 0 
第772个电影的向量为 0 0 0 0 0 0 0 0 1 0 0 0 0 0 0 0 0 0 0 
第773个电影的向量为 0 0 0 0 0 0 0 0 0 0 0 0 0 0 0 0 1 0 0 
第774个电影的向量为 0 0 0 0 0 0 0 0 0 0 0 1 0 0 0 0 0 0 0 
第775个电影的向量为 0 0 0 0 0 1 0 0 1 0 0 0 0 0 1 0 0 0 0 
第776个电影的向量为 0 0 0 0 0 0 0 0 1 0 0 0 0 0 0 0 0 0 0 
第777个电影的向量为 0 0 0 0 0 0 0 0 0 0 0 1 0 0 0 0 0 0 0 
第778个电影的向量为 0 0 0 0 0 1 0 0 1 0 0 0 0 0 1 0 0 0 0 
第779个电影的向量为 0 1 0 0 0 0 0 0 0 0 0 0 0 0 0 0 0 0 0 
第780个电影的向量为 0 0 0 0 0 1 0 0 0 0 0 0 0 0 0 0 0 0 0 
第781个电影的向量为 0 0 0 0 0 1 0 0 0 0 0 0 0 0 1 0 0 0 0 
第782个电影的向量为 0 0 0 0 0 0 0 0 1 0 0 0 0 0 0 0 0 0 0 
第783个电影的向量为 0 0 0 0 0 1 0 0 0 0 0 0 0 0 1 0 0 0 0 
第784个电影的向量为 0 0 0 0 0 0 0 0 1 0 0 1 0 0 0 0 0 0 0 
第785个电影的向量为 0 0 0 0 0 1 0 0 0 0 0 0 0 0 1 0 0 0 0 
第786个电影的向量为 0 0 0 0 0 1 0 0 0 0 0 0 0 0 1 0 0 0 0 
第787个电影的向量为 0 0 0 0 0 1 0 0 1 0 0 0 0 0 0 0 0 0 0 
第788个电影的向量为 0 0 0 0 0 0 0 0 0 0 0 1 0 0 0 0 1 0 0 
第789个电影的向量为 0 0 0 0 0 1 0 0 1 0 0 0 0 0 0 0 0 0 0 
第790个电影的向量为 0 0 0 0 0 1 0 0 0 0 0 0 0 0 0 0 0 0 0 
第791个电影的向量为 0 0 0 0 1 0 0 0 0 0 0 0 0 0 0 0 0 0 0 
第792个电影的向量为 0 0 0 0 0 1 0 0 0 0 0 0 0 0 0 0 0 0 0 
第793个电影的向量为 0 0 0 0 0 1 0 0 0 0 0 0 0 0 0 0 0 0 0 
第794个电影的向量为 0 0 0 0 0 0 0 0 1 0 0 0 0 0 1 0 0 0 0 
第795个电影的向量为 0 0 0 0 1 1 0 0 0 0 0 0 0 0 0 0 0 0 0 
第796个电影的向量为 0 0 0 0 0 1 0 0 0 0 0 0 0 0 1 0 0 0 0 
第797个电影的向量为 0 1 0 0 0 0 0 0 0 0 0 0 0 0 0 1 0 0 0 
第798个电影的向量为 0 1 0 0 0 0 0 0 0 0 0 0 0 0 0 0 0 0 0 
第799个电影的向量为 0 0 0 0 0 0 0 0 1 0 0 0 0 0 0 0 0 0 0 
第800个电影的向量为 0 0 0 0 0 0 0 0 0 0 0 1 0 0 0 0 1 0 0 
第801个电影的向量为 0 0 0 0 0 1 0 0 0 0 0 0 0 0 0 0 0 0 0 
第802个电影的向量为 0 1 1 0 0 0 1 0 0 0 0 0 0 0 0 0 1 0 0 
第803个电影的向量为 0 1 0 0 0 0 0 0 1 0 0 0 0 0 0 0 0 1 0 
第804个电影的向量为 0 0 0 0 0 1 0 0 0 0 0 0 0 0 0 0 0 0 0 
第805个电影的向量为 0 0 0 0 0 1 0 0 0 0 0 0 0 1 0 0 0 0 0 
第806个电影的向量为 0 1 0 0 0 0 1 0 1 0 0 0 0 0 0 0 0 0 0 
第807个电影的向量为 0 0 0 0 0 0 0 0 1 0 0 0 0 0 0 0 0 0 0 
第808个电影的向量为 0 1 0 0 0 0 0 0 1 0 0 0 0 0 0 0 0 0 0 
第809个电影的向量为 0 1 0 0 0 0 0 0 1 0 0 0 0 1 0 0 0 0 0 
第810个电影的向量为 0 1 0 0 0 0 0 0 0 0 0 0 0 0 0 0 0 0 0 
第811个电影的向量为 0 0 0 0 0 0 0 1 0 0 0 0 0 0 0 0 0 0 0 
第812个电影的向量为 0 0 1 0 1 0 0 0 0 0 0 0 0 0 0 0 0 0 0 
第813个电影的向量为 0 0 0 0 0 0 0 1 0 0 0 0 0 0 0 0 0 0 0 
第814个电影的向量为 0 0 0 0 0 0 0 1 0 0 0 0 0 0 0 0 0 0 0 
第815个电影的向量为 0 0 0 0 0 0 0 0 1 0 0 0 0 0 1 0 0 0 0 
第816个电影的向量为 0 0 0 0 0 0 0 0 0 0 0 1 0 0 0 0 0 0 0 
第817个电影的向量为 0 0 0 0 0 0 0 0 1 0 0 0 0 0 0 0 0 0 0 
第818个电影的向量为 0 0 0 0 0 1 0 0 0 0 0 0 0 0 0 0 0 0 0 
第819个电影的向量为 0 0 0 0 0 1 0 0 0 0 0 0 0 0 0 0 0 0 0 
第820个电影的向量为 0 0 1 1 1 1 0 0 0 1 0 0 0 0 0 0 0 0 0 
第821个电影的向量为 0 0 0 0 0 1 0 0 0 0 0 0 0 0 1 0 0 0 0 
第822个电影的向量为 0 0 0 0 0 0 0 0 1 0 0 0 0 0 0 0 0 0 0 
第823个电影的向量为 0 0 0 0 0 0 1 0 0 0 1 0 0 0 0 0 1 0 0 
第824个电影的向量为 0 0 0 0 0 1 0 0 0 0 0 0 0 0 0 0 0 0 0 
第825个电影的向量为 0 1 0 0 0 0 0 0 0 0 0 0 0 0 0 1 1 0 0 
第826个电影的向量为 0 0 1 0 0 0 0 0 0 0 0 0 0 0 0 0 0 0 0 
第827个电影的向量为 0 1 1 0 0 0 0 0 0 0 0 0 0 0 0 0 1 0 0 
第828个电影的向量为 0 0 1 0 1 0 0 0 0 0 0 0 0 0 0 0 0 0 0 
第829个电影的向量为 0 1 1 0 0 0 0 0 0 0 0 0 0 0 0 0 0 0 0 
第830个电影的向量为 0 1 0 0 0 0 0 0 0 0 0 0 0 1 0 0 1 0 0 
第831个电影的向量为 0 1 1 0 0 0 0 0 0 0 0 0 0 0 0 1 1 0 0 
第832个电影的向量为 0 0 0 0 1 0 0 0 1 1 0 0 0 0 0 0 0 0 0 
第833个电影的向量为 0 1 0 0 0 0 0 0 0 0 0 0 0 0 0 0 0 0 0 
第834个电影的向量为 0 0 0 0 0 0 0 0 0 0 0 1 0 0 0 0 1 0 0 
第835个电影的向量为 0 0 0 0 0 1 0 0 0 0 0 0 1 0 1 0 0 0 0 
第836个电影的向量为 0 0 0 0 0 1 0 0 0 0 0 0 0 0 1 0 0 0 0 
第837个电影的向量为 0 0 0 0 0 0 0 0 1 0 0 0 0 0 0 0 0 0 0 
第838个电影的向量为 0 1 0 0 0 0 0 0 0 0 0 0 0 0 0 0 0 0 0 
第839个电影的向量为 0 0 0 0 0 0 0 0 0 0 0 1 0 0 0 0 1 0 0 
第840个电影的向量为 0 1 0 0 0 0 0 0 1 0 0 0 0 0 0 0 0 0 1 
第841个电影的向量为 0 1 0 0 0 0 0 0 0 0 0 0 0 0 0 0 1 0 0 
第842个电影的向量为 0 0 0 0 1 1 0 0 1 0 0 0 0 0 0 0 0 0 0 
第843个电影的向量为 0 0 0 0 1 1 0 0 0 0 0 0 0 0 0 0 0 0 0 
第844个电影的向量为 0 0 0 0 0 0 1 0 0 0 0 0 0 0 0 0 0 0 0 
第845个电影的向量为 0 0 0 0 0 1 0 0 0 0 0 0 0 0 0 0 0 0 0 
第846个电影的向量为 0 0 0 0 0 0 0 0 1 0 0 0 0 0 1 0 0 0 0 
第847个电影的向量为 0 0 0 0 0 0 0 1 1 0 0 0 0 0 0 0 0 0 0 
第848个电影的向量为 0 0 0 0 0 0 0 0 0 0 1 0 0 0 0 0 1 0 0 
第849个电影的向量为 0 1 0 0 0 0 0 0 0 0 0 0 0 0 1 0 0 0 0 
第850个电影的向量为 0 0 0 0 0 0 0 1 0 0 0 0 0 0 0 0 0 0 0 
第851个电影的向量为 0 0 0 0 0 0 0 0 1 0 0 0 0 0 0 0 0 0 0 
第852个电影的向量为 0 0 0 0 0 0 0 0 1 0 0 0 0 0 0 0 1 0 0 
第853个电影的向量为 0 0 0 0 0 1 0 0 0 0 0 1 0 0 0 0 0 0 0 
第854个电影的向量为 0 0 0 0 0 1 0 0 0 0 0 1 0 0 0 0 0 0 0 
第855个电影的向量为 0 1 0 0 0 0 0 0 1 0 0 0 0 1 1 0 1 0 0 
第856个电影的向量为 0 0 0 0 0 1 0 0 1 0 0 0 0 0 0 0 0 0 0 
第857个电影的向量为 0 0 0 0 0 0 0 1 0 0 0 0 0 0 0 0 0 0 0 
第858个电影的向量为 0 0 0 0 0 0 0 0 0 0 0 1 0 0 0 0 0 0 0 
第859个电影的向量为 0 0 0 0 0 1 0 0 0 0 0 1 0 0 0 0 0 0 0 
第860个电影的向量为 0 0 0 0 0 0 0 0 0 0 0 1 0 0 0 0 1 0 0 
第861个电影的向量为 0 0 0 0 0 0 0 0 0 0 0 1 0 0 0 0 0 0 0 
第862个电影的向量为 0 0 1 0 1 1 0 0 0 0 0 0 0 0 0 0 0 0 0 
第863个电影的向量为 0 0 0 0 0 0 0 0 1 0 0 0 0 0 0 0 0 0 0 
第864个电影的向量为 0 0 0 0 0 1 0 0 0 0 0 0 0 0 0 0 0 0 0 
第865个电影的向量为 0 0 0 0 0 0 0 0 1 0 0 0 0 0 0 0 0 0 0 
第866个电影的向量为 0 0 0 0 0 1 0 0 0 0 0 0 0 0 1 0 0 0 0 
第867个电影的向量为 0 0 0 0 0 0 0 0 1 0 0 0 0 0 0 0 0 0 0 
第868个电影的向量为 0 0 0 0 0 0 0 0 1 0 0 0 0 0 0 0 0 0 0 
第869个电影的向量为 0 0 0 0 0 1 0 0 0 0 0 0 0 0 1 0 0 0 0 
第870个电影的向量为 0 0 0 0 0 0 0 0 0 0 0 0 0 0 1 0 0 0 0 
第871个电影的向量为 0 0 0 0 0 1 0 0 0 0 0 0 0 0 0 0 0 0 0 
第872个电影的向量为 0 0 0 0 0 0 0 0 0 0 0 0 0 0 1 0 0 0 0 
第873个电影的向量为 0 0 0 0 0 1 0 0 0 0 0 0 0 0 1 0 0 0 0 
第874个电影的向量为 0 0 0 0 0 0 0 0 1 0 0 0 0 0 0 0 0 0 0 
第875个电影的向量为 0 0 0 0 0 0 0 0 1 0 0 0 0 0 1 0 0 0 0 
第876个电影的向量为 0 1 0 0 0 1 0 0 0 0 0 0 0 0 0 0 0 0 0 
第877个电影的向量为 0 0 1 0 0 0 0 0 0 0 0 0 0 0 1 0 0 0 0 
第878个电影的向量为 0 0 0 0 1 1 0 0 0 0 0 0 0 1 0 0 0 0 0 
第879个电影的向量为 0 1 0 0 0 0 0 0 0 0 0 0 0 0 0 0 1 1 0 
第880个电影的向量为 0 0 0 0 0 0 0 0 1 0 0 0 0 0 0 0 0 0 0 
第881个电影的向量为 0 1 0 0 0 1 0 0 0 0 0 0 0 0 0 0 0 0 0 
第882个电影的向量为 0 0 0 0 0 0 0 0 1 0 0 0 0 0 0 0 0 0 0 
第883个电影的向量为 0 0 0 0 0 0 0 0 1 0 0 0 0 0 0 0 0 0 0 
第884个电影的向量为 0 0 0 0 0 0 0 1 0 0 0 0 0 0 0 0 0 0 0 
第885个电影的向量为 0 0 0 0 0 0 0 0 0 0 0 1 0 0 0 0 0 0 0 
第886个电影的向量为 0 0 0 0 0 0 0 0 0 0 0 0 0 0 1 0 1 0 0 
第887个电影的向量为 0 0 0 0 0 0 0 0 1 0 0 0 0 0 0 0 0 0 0 
第888个电影的向量为 0 0 0 0 0 0 0 0 1 0 0 0 0 0 0 0 0 0 0 
第889个电影的向量为 0 0 0 0 0 0 0 0 0 0 0 0 0 0 1 0 0 0 0 
第890个电影的向量为 0 1 1 0 0 0 0 0 0 0 0 0 0 0 0 0 0 0 0 
第891个电影的向量为 0 0 0 0 0 0 0 0 1 0 0 0 0 0 0 0 0 1 0 
第892个电影的向量为 0 0 0 0 1 1 0 0 0 1 0 0 0 0 0 0 0 0 0 
第893个电影的向量为 0 0 0 0 0 1 0 0 0 0 0 0 0 0 0 0 0 0 0 
第894个电影的向量为 0 0 0 0 1 1 0 0 0 0 0 0 0 0 0 0 0 0 0 
第895个电影的向量为 0 0 0 0 0 0 0 0 0 0 0 1 0 0 0 0 1 0 0 
第896个电影的向量为 0 0 0 0 0 0 0 0 1 0 0 0 0 0 0 0 0 0 0 
第897个电影的向量为 0 1 1 0 0 0 0 0 0 0 0 0 0 0 0 1 0 0 0 
第898个电影的向量为 0 0 0 0 0 0 0 0 1 0 0 0 0 0 0 0 0 0 0 
第899个电影的向量为 0 0 0 0 0 0 0 0 1 0 0 0 0 0 0 0 0 0 0 
第900个电影的向量为 0 0 0 0 0 0 0 0 1 0 0 0 0 0 0 0 0 0 0 
第901个电影的向量为 0 0 0 0 0 1 0 0 0 0 0 0 0 0 0 0 0 0 0 
第902个电影的向量为 0 0 0 0 0 1 1 0 0 0 0 0 0 1 0 0 1 0 0 
第903个电影的向量为 0 0 0 0 0 0 0 0 1 0 0 0 0 0 1 0 0 0 0 
第904个电影的向量为 0 0 0 0 0 1 0 0 1 0 0 0 0 0 0 0 0 0 0 
第905个电影的向量为 0 0 0 0 0 0 0 0 1 0 0 0 0 0 1 0 0 0 0 
第906个电影的向量为 0 0 0 0 0 0 0 0 1 0 0 0 0 0 1 0 0 0 0 
第907个电影的向量为 0 0 0 0 0 1 0 0 0 0 0 0 0 0 0 0 0 0 0 
第908个电影的向量为 0 0 0 0 0 1 0 0 0 0 0 0 0 0 0 0 0 0 0 
第909个电影的向量为 0 0 0 0 0 0 0 0 1 0 0 0 0 0 0 0 0 0 0 
第910个电影的向量为 0 0 0 0 0 0 0 0 1 0 0 0 0 0 0 0 0 0 0 
第911个电影的向量为 0 0 0 0 0 0 1 0 1 0 0 0 0 0 0 0 0 0 0 
第912个电影的向量为 0 1 0 0 0 0 0 0 0 0 0 0 0 0 0 0 1 0 0 
第913个电影的向量为 0 0 0 0 0 1 0 0 0 0 0 0 0 0 0 0 0 0 0 
第914个电影的向量为 0 0 0 0 0 0 1 0 1 0 0 0 0 1 0 0 1 0 0 
第915个电影的向量为 0 0 0 0 0 0 0 0 1 0 0 0 0 0 0 0 0 0 0 
第916个电影的向量为 0 1 0 0 0 0 0 0 0 0 0 0 0 0 0 1 1 0 0 
第917个电影的向量为 0 1 0 0 0 0 0 0 1 0 0 0 0 0 0 0 1 0 0 
第918个电影的向量为 0 0 0 0 0 0 0 0 0 0 0 0 0 0 1 0 0 0 0 
第919个电影的向量为 0 0 1 0 0 0 0 0 0 0 0 0 0 0 0 1 0 0 0 
第920个电影的向量为 0 0 0 0 0 0 0 0 1 0 0 0 0 0 0 0 0 0 0 
第921个电影的向量为 0 0 0 0 0 0 0 0 1 0 0 0 0 0 1 0 0 0 0 
第922个电影的向量为 0 0 0 0 0 0 0 0 0 0 0 0 0 0 0 0 0 0 1 
第923个电影的向量为 0 0 0 0 0 0 0 0 1 0 0 0 0 0 0 0 0 0 0 
第924个电影的向量为 0 0 1 0 0 0 0 0 1 0 0 0 0 0 0 0 0 0 0 
第925个电影的向量为 0 0 0 0 0 0 0 0 0 0 0 0 0 0 0 1 1 0 0 
第926个电影的向量为 0 0 0 0 0 1 0 0 0 0 0 0 0 0 0 0 0 0 0 
第927个电影的向量为 0 0 0 0 0 0 0 0 1 0 0 0 0 0 0 0 0 0 0 
第928个电影的向量为 0 0 0 0 0 0 0 0 1 0 0 1 0 0 0 0 0 0 0 
第929个电影的向量为 0 0 0 0 1 1 0 0 0 0 0 0 0 0 0 0 0 0 0 
第930个电影的向量为 0 1 1 0 0 0 0 0 0 0 0 0 0 0 0 0 1 0 0 
第931个电影的向量为 0 0 0 0 0 0 0 0 0 0 0 0 0 0 0 1 1 0 0 
第932个电影的向量为 0 0 0 0 1 1 0 0 0 0 0 0 0 0 0 0 0 0 0 
第933个电影的向量为 0 0 0 0 0 0 0 0 1 0 0 0 0 0 0 0 0 0 0 
第934个电影的向量为 0 0 0 0 0 0 0 0 1 0 0 0 0 0 0 0 0 0 0 
第935个电影的向量为 0 0 0 0 0 0 0 0 1 0 0 0 0 0 0 0 0 1 0 
第936个电影的向量为 0 0 0 0 0 1 0 0 1 0 0 0 0 0 1 0 0 0 0 
第937个电影的向量为 0 0 0 0 0 0 0 0 1 0 0 0 0 0 0 0 0 0 0 
第938个电影的向量为 0 0 0 0 0 1 0 0 0 0 0 0 0 0 1 0 0 0 0 
第939个电影的向量为 0 0 0 0 0 0 0 0 1 0 0 0 0 0 0 0 1 0 0 
第940个电影的向量为 0 0 0 0 0 1 0 0 0 0 0 0 0 0 0 0 0 0 0 
第941个电影的向量为 0 0 0 0 0 1 0 0 1 0 0 0 0 0 0 0 0 0 0 
第942个电影的向量为 0 0 0 0 0 0 0 0 1 0 0 0 0 0 0 0 0 0 0 
第943个电影的向量为 0 0 0 0 0 0 0 0 0 0 0 0 0 0 0 0 1 0 0 
第944个电影的向量为 0 0 0 0 0 1 0 0 1 0 0 0 0 0 0 0 0 1 0 
第945个电影的向量为 0 0 0 0 0 1 0 0 0 0 0 0 0 1 1 0 1 0 0 
第946个电影的向量为 0 0 0 1 1 0 0 0 0 0 0 0 0 0 0 0 0 0 0 
第947个电影的向量为 0 0 1 0 0 0 0 0 0 0 0 0 0 0 1 0 0 0 0 
第948个电影的向量为 0 0 0 0 0 1 0 0 0 0 0 0 0 0 1 0 0 0 0 
第949个电影的向量为 0 0 0 0 0 0 0 0 1 0 0 0 0 0 1 0 0 0 0 
第950个电影的向量为 0 0 0 0 0 0 0 0 1 0 0 0 0 0 0 0 0 0 0 
第951个电影的向量为 0 0 1 0 1 0 0 0 0 1 0 0 0 0 0 0 0 0 0 
第952个电影的向量为 0 0 0 0 0 1 0 0 0 0 0 0 0 0 0 0 0 0 0 
第953个电影的向量为 0 0 0 0 0 1 0 0 1 0 0 0 0 0 0 0 0 0 0 
第954个电影的向量为 0 0 0 0 0 0 0 1 0 0 0 0 0 0 0 0 0 0 0 
第955个电影的向量为 0 0 0 0 0 0 0 0 1 0 0 0 0 0 1 0 0 0 0 
第956个电影的向量为 0 0 0 0 0 0 0 0 1 0 0 0 0 0 0 0 0 0 0 
第957个电影的向量为 0 0 0 0 0 1 0 0 0 0 0 0 0 0 0 0 0 0 0 
第958个电影的向量为 0 0 0 0 0 0 0 0 1 0 0 0 0 0 0 0 0 0 0 
第959个电影的向量为 0 0 0 0 0 1 0 0 0 0 0 0 0 0 0 0 0 0 0 
第960个电影的向量为 0 0 0 0 0 0 0 0 1 0 0 0 0 0 0 0 0 0 0 
第961个电影的向量为 0 0 0 0 0 0 0 0 1 0 0 0 0 0 0 0 0 0 0 
第962个电影的向量为 0 0 0 0 0 0 0 0 1 0 0 0 0 0 0 0 0 0 0 
第963个电影的向量为 0 0 0 0 0 0 0 0 1 0 0 0 0 0 0 0 1 0 0 
第964个电影的向量为 0 0 0 0 0 1 0 0 1 0 0 0 0 0 0 0 0 0 0 
第965个电影的向量为 0 0 0 0 0 1 0 0 0 0 0 0 1 0 0 0 0 0 0 
第966个电影的向量为 0 0 0 0 0 0 0 0 0 0 0 0 0 0 1 0 0 0 0 
第967个电影的向量为 0 0 0 0 0 0 0 0 1 0 0 0 0 0 0 0 0 0 0 
第968个电影的向量为 0 0 0 0 0 0 0 0 0 0 0 0 1 0 0 0 0 0 0 
第969个电影的向量为 0 0 0 1 1 0 0 0 0 0 0 0 0 0 0 0 0 0 0 
第970个电影的向量为 0 0 0 0 0 1 0 0 0 0 0 0 0 0 0 0 0 0 0 
第971个电影的向量为 0 0 0 0 0 1 0 0 0 0 0 0 0 0 0 0 0 1 0 
第972个电影的向量为 0 0 0 0 0 0 0 0 1 0 0 0 0 0 0 0 0 0 0 
第973个电影的向量为 0 0 0 0 0 0 0 1 0 0 0 0 0 0 0 0 0 0 0 
第974个电影的向量为 0 0 0 0 0 0 0 0 1 0 0 0 0 0 0 0 1 0 0 
第975个电影的向量为 0 0 0 0 0 0 0 0 0 0 0 0 0 0 0 0 1 0 0 
第976个电影的向量为 0 1 0 0 0 0 0 0 0 0 0 0 0 0 0 1 1 0 0 
第977个电影的向量为 0 1 0 0 0 0 0 0 0 0 0 0 0 0 0 0 0 0 0 
第978个电影的向量为 0 0 0 0 0 0 0 0 0 0 0 0 0 1 0 0 1 0 0 
第979个电影的向量为 0 0 0 0 0 0 0 0 1 0 0 0 0 0 0 0 1 0 0 
第980个电影的向量为 0 0 0 0 0 0 0 0 1 0 0 0 0 0 0 0 0 0 0 
第981个电影的向量为 0 0 0 0 0 0 0 0 1 0 0 0 0 0 0 0 0 0 0 
第982个电影的向量为 0 1 1 0 0 0 0 0 0 0 0 0 0 0 0 0 1 0 0 
第983个电影的向量为 0 0 0 0 0 0 0 0 0 0 0 0 0 0 0 0 1 0 0 
第984个电影的向量为 0 0 0 0 0 0 0 0 0 0 0 0 0 0 0 0 1 0 0 
第985个电影的向量为 0 0 0 0 0 0 0 0 1 0 0 0 0 0 0 0 0 0 0 
第986个电影的向量为 0 0 0 0 0 0 0 0 0 0 0 0 0 0 0 0 1 0 0 
第987个电影的向量为 0 0 0 0 0 0 0 0 0 0 0 0 0 0 0 0 1 0 0 
第988个电影的向量为 0 0 0 0 0 1 0 0 0 0 0 0 0 0 1 0 0 0 0 
第989个电影的向量为 0 0 0 1 1 0 0 0 0 0 0 0 1 0 0 0 0 0 0 
第990个电影的向量为 0 0 0 0 0 0 0 0 1 0 0 0 0 0 1 0 0 0 0 
第991个电影的向量为 0 0 0 0 0 0 1 0 0 0 0 0 0 0 0 0 0 0 0 
第992个电影的向量为 0 0 0 0 0 1 0 0 0 0 0 0 0 0 0 0 1 0 0 
第993个电影的向量为 0 0 1 1 1 1 0 0 0 0 0 0 1 0 0 0 0 0 0 
第994个电影的向量为 0 0 0 0 0 0 0 0 1 0 0 0 0 0 0 0 0 0 0 
第995个电影的向量为 0 0 0 0 0 1 0 0 0 0 0 0 0 0 0 0 0 0 0 
第996个电影的向量为 0 0 0 0 1 1 0 0 0 0 0 0 0 0 0 0 0 0 0 
第997个电影的向量为 0 0 0 0 0 1 0 0 0 0 0 0 0 0 0 0 0 0 0 
第998个电影的向量为 0 0 0 0 0 1 0 0 0 0 0 0 0 0 0 0 0 0 0 
第999个电影的向量为 0 0 0 0 0 1 0 0 0 0 0 0 0 0 0 0 0 0 0 
第1000个电影的向量为 0 0 0 0 0 1 0 0 0 0 0 0 0 0 0 0 0 0 1 
第1001个电影的向量为 0 0 0 0 0 1 0 0 0 0 0 0 0 0 0 0 0 0 0 
第1002个电影的向量为 0 0 0 0 0 1 0 0 0 0 0 0 0 0 0 0 0 0 0 
第1003个电影的向量为 0 0 0 0 1 1 0 0 0 0 0 0 0 1 0 0 0 0 0 
第1004个电影的向量为 0 0 0 0 0 0 0 0 1 0 0 0 0 0 0 0 0 0 1 
第1005个电影的向量为 0 0 0 0 0 0 0 0 1 0 0 0 0 0 0 0 0 0 0 
第1006个电影的向量为 0 0 0 0 0 0 0 0 1 0 0 0 0 0 0 1 0 0 0 
第1007个电影的向量为 0 0 0 0 0 1 0 0 0 0 0 0 0 0 0 0 0 0 0 
第1008个电影的向量为 0 0 0 0 0 0 0 0 1 0 0 0 0 0 0 0 0 0 0 
第1009个电影的向量为 0 0 0 0 0 0 0 0 1 0 0 0 0 0 0 0 0 0 0 
第1010个电影的向量为 0 0 0 0 0 0 0 0 1 0 0 0 0 0 0 0 0 0 0 
第1011个电影的向量为 0 0 0 0 0 0 1 0 0 0 0 0 0 0 0 0 0 0 0 
第1012个电影的向量为 0 0 0 0 0 1 0 0 1 0 0 0 0 0 0 0 0 0 0 
第1013个电影的向量为 0 1 1 0 0 0 0 0 0 0 0 0 0 0 0 0 1 0 0 
第1014个电影的向量为 0 0 0 0 0 1 0 0 0 0 0 0 0 0 0 0 0 0 0 
第1015个电影的向量为 0 0 0 0 1 0 0 0 1 0 0 0 0 0 0 0 0 0 0 
第1016个电影的向量为 0 1 1 0 0 0 0 0 0 0 0 0 0 0 0 0 1 0 0 
第1017个电影的向量为 0 0 0 0 0 0 0 0 1 0 0 0 0 0 0 0 0 0 0 
第1018个电影的向量为 0 0 0 0 0 0 0 0 1 0 0 0 0 0 0 0 0 0 0 
第1019个电影的向量为 0 1 0 0 0 0 0 0 0 0 0 0 0 0 0 0 1 0 0 
第1020个电影的向量为 0 0 0 0 0 0 0 0 0 0 0 0 0 1 0 0 1 0 0 
第1021个电影的向量为 0 0 0 0 0 0 0 0 1 0 0 0 0 0 0 0 0 0 0 
第1022个电影的向量为 0 0 0 0 0 0 0 1 0 0 0 0 0 0 0 0 0 0 0 
第1023个电影的向量为 0 0 0 0 0 1 0 0 0 0 0 0 0 0 0 0 0 0 0 
第1024个电影的向量为 0 0 0 0 0 0 0 0 0 0 0 0 0 0 1 0 0 0 0 
第1025个电影的向量为 0 1 0 0 0 0 0 0 1 0 0 0 0 0 0 0 1 0 0 
第1026个电影的向量为 0 0 0 0 0 1 0 0 1 0 0 0 0 0 0 0 0 0 0 
第1027个电影的向量为 0 1 0 0 0 0 0 0 0 0 0 0 0 0 0 0 0 0 0 
第1028个电影的向量为 0 0 0 0 0 1 0 0 0 0 0 0 0 0 1 0 0 0 0 
第1029个电影的向量为 0 0 0 0 0 1 0 0 0 0 0 0 0 0 0 0 0 0 0 
第1030个电影的向量为 0 0 0 0 0 1 0 0 0 0 0 0 0 0 0 0 0 0 0 
第1031个电影的向量为 0 0 1 0 1 0 0 0 0 0 0 0 0 0 0 0 0 0 0 
第1032个电影的向量为 0 0 0 0 1 1 0 0 0 0 0 0 0 0 0 0 0 0 0 
第1033个电影的向量为 0 0 1 0 1 0 0 0 0 0 0 0 0 0 0 0 0 0 0 
第1034个电影的向量为 0 1 1 0 0 0 0 0 0 0 0 0 0 0 0 0 0 0 0 
第1035个电影的向量为 0 0 0 0 0 1 0 0 0 0 0 0 0 0 0 0 0 0 0 
第1036个电影的向量为 0 0 0 0 0 1 0 0 0 1 0 0 0 0 0 0 0 0 0 
第1037个电影的向量为 0 0 0 0 0 1 0 0 0 0 0 0 1 0 1 0 0 0 0 
第1038个电影的向量为 0 0 0 0 0 0 0 0 0 0 0 0 0 0 0 0 1 0 0 
第1039个电影的向量为 0 0 0 0 0 0 0 0 1 0 0 0 0 0 0 0 0 0 0 
第1040个电影的向量为 0 0 0 0 0 1 0 0 0 0 0 0 0 0 1 0 0 0 0 
第1041个电影的向量为 0 0 0 0 0 1 0 0 0 0 0 0 0 0 1 0 0 0 0 
第1042个电影的向量为 0 0 0 0 0 0 0 0 0 0 0 0 0 1 0 0 1 0 0 
第1043个电影的向量为 0 0 0 0 0 1 0 0 0 0 0 0 0 0 0 0 0 0 0 
第1044个电影的向量为 0 0 0 0 0 1 0 0 1 0 0 0 0 0 0 0 0 0 0 
第1045个电影的向量为 0 0 0 0 0 0 0 0 1 0 0 0 0 0 0 0 0 0 0 
第1046个电影的向量为 0 0 0 0 0 0 0 0 0 0 0 0 0 0 0 0 1 0 0 
第1047个电影的向量为 0 0 0 0 0 1 0 0 0 0 0 0 0 0 0 0 0 0 0 
第1048个电影的向量为 0 0 0 0 0 1 0 0 0 0 0 0 0 0 1 0 0 0 0 
第1049个电影的向量为 0 0 0 0 0 1 0 0 0 0 0 0 0 0 0 0 0 0 0 
第1050个电影的向量为 0 0 0 0 0 0 0 0 1 0 0 0 0 0 1 0 0 0 0 
第1051个电影的向量为 0 0 0 0 0 1 0 0 0 0 0 0 0 0 0 0 0 0 0 
第1052个电影的向量为 0 0 0 0 0 1 0 0 0 0 0 1 0 0 0 0 0 0 0 
第1053个电影的向量为 0 0 0 0 0 0 0 0 1 0 0 0 0 0 0 0 0 0 0 
第1054个电影的向量为 0 0 0 0 0 1 0 0 0 0 0 0 0 0 0 0 0 0 0 
第1055个电影的向量为 0 0 0 0 0 0 0 0 1 0 0 0 0 0 0 0 0 0 0 
第1056个电影的向量为 0 0 0 0 0 0 0 0 0 0 0 1 0 0 0 0 0 0 0 
第1057个电影的向量为 0 0 0 0 0 1 0 0 0 0 0 0 0 0 0 0 0 0 0 
第1058个电影的向量为 0 0 1 0 0 0 0 0 1 0 0 0 0 0 0 0 0 0 0 
第1059个电影的向量为 0 0 0 0 0 1 0 0 0 0 0 0 0 0 0 0 0 0 0 
第1060个电影的向量为 0 0 1 0 1 0 0 0 0 0 0 0 0 0 0 0 0 0 0 
第1061个电影的向量为 0 0 0 0 0 1 0 0 1 0 0 0 0 0 0 0 0 0 0 
第1062个电影的向量为 0 0 0 0 0 0 0 0 1 0 0 0 0 0 0 0 0 0 0 
第1063个电影的向量为 0 0 0 0 1 0 0 0 1 0 0 0 0 0 0 0 0 0 0 
第1064个电影的向量为 0 0 0 0 0 0 1 0 0 0 1 0 0 0 0 0 0 0 0 
第1065个电影的向量为 0 0 0 0 0 0 0 1 0 0 0 0 0 0 0 0 0 1 0 
第1066个电影的向量为 0 0 0 1 1 0 0 0 0 0 0 0 0 0 0 0 0 0 0 
第1067个电影的向量为 0 0 0 0 0 1 0 0 0 0 0 0 0 0 0 0 0 0 0 
第1068个电影的向量为 0 0 0 0 0 0 0 0 1 0 0 0 0 0 0 0 0 0 0 
第1069个电影的向量为 0 0 0 0 0 0 1 0 1 0 0 0 0 0 0 0 1 0 0 
第1070个电影的向量为 0 0 0 0 0 1 0 0 0 0 0 0 0 0 0 0 0 0 0 
第1071个电影的向量为 0 0 0 0 0 1 0 0 0 0 0 0 0 0 0 0 0 0 0 
第1072个电影的向量为 0 0 0 0 0 1 0 0 0 0 0 0 0 0 1 0 0 0 0 
第1073个电影的向量为 0 0 0 0 0 0 0 0 0 0 0 0 0 0 0 0 1 0 0 
第1074个电影的向量为 0 0 0 0 0 1 0 0 1 0 0 0 0 0 0 0 0 0 0 
第1075个电影的向量为 0 0 0 0 0 0 0 0 1 0 0 0 0 0 0 0 0 0 0 
第1076个电影的向量为 0 1 1 1 1 0 0 0 0 1 0 0 0 0 0 0 0 0 0 
第1077个电影的向量为 0 0 0 0 0 0 0 0 0 0 0 0 0 0 0 0 1 0 0 
第1078个电影的向量为 0 0 0 1 1 0 0 0 0 0 0 0 0 0 0 0 0 0 0 
第1079个电影的向量为 0 0 0 0 0 1 0 0 0 0 0 0 1 0 0 0 0 0 0 
第1080个电影的向量为 0 0 0 0 0 1 0 0 0 0 0 0 0 0 0 0 0 0 0 
第1081个电影的向量为 0 0 0 0 0 0 1 0 0 0 0 0 0 0 0 0 0 0 0 
第1082个电影的向量为 0 0 0 0 0 0 0 0 1 0 0 0 0 0 0 0 0 0 0 
第1083个电影的向量为 0 0 0 0 0 0 1 0 0 0 0 0 0 0 0 0 1 0 0 
第1084个电影的向量为 0 0 0 0 0 0 0 1 0 0 0 0 0 0 0 0 0 0 0 
第1085个电影的向量为 0 0 0 0 0 0 0 0 1 0 0 0 0 0 1 0 0 0 0 
第1086个电影的向量为 0 0 0 0 0 0 0 0 1 0 0 0 0 0 0 0 0 0 0 
第1087个电影的向量为 0 1 0 0 0 0 0 0 0 0 0 0 0 0 0 0 0 0 0 
第1088个电影的向量为 0 1 0 0 0 0 0 0 0 0 0 0 0 0 0 0 0 0 0 
第1089个电影的向量为 0 1 0 0 0 0 0 0 0 0 0 0 0 0 1 0 1 0 0 
第1090个电影的向量为 0 0 0 0 0 0 0 0 0 0 0 0 0 0 0 0 1 0 0 
第1091个电影的向量为 0 0 1 1 1 0 0 0 0 0 0 0 1 0 0 0 0 0 0 
第1092个电影的向量为 0 0 0 0 0 1 0 0 0 0 0 0 0 0 0 0 0 0 0 
第1093个电影的向量为 0 0 0 0 0 1 0 0 0 0 0 0 0 0 0 0 0 0 0 
第1094个电影的向量为 0 0 0 0 0 1 0 0 0 0 0 0 0 0 0 0 0 0 0 
第1095个电影的向量为 0 0 0 0 0 1 0 0 0 0 0 0 0 0 0 0 0 0 0 
第1096个电影的向量为 0 0 0 0 0 0 0 0 0 0 0 0 0 0 1 0 0 0 0 
第1097个电影的向量为 0 0 0 0 0 0 0 0 1 0 0 0 0 0 0 0 0 0 0 
第1098个电影的向量为 0 0 0 0 0 1 0 0 0 0 0 0 0 0 0 0 0 0 0 
第1099个电影的向量为 0 0 0 0 0 0 0 0 1 0 0 0 0 0 0 0 0 0 0 
第1100个电影的向量为 0 0 0 0 0 1 0 0 1 0 0 0 0 0 1 0 0 0 0 
第1101个电影的向量为 0 0 0 0 0 0 0 0 1 0 0 0 0 1 0 0 0 0 0 
第1102个电影的向量为 0 0 0 0 0 1 0 0 0 0 0 0 0 0 1 0 0 0 0 
第1103个电影的向量为 0 0 0 0 0 1 0 0 1 0 0 0 0 0 0 0 0 0 0 
第1104个电影的向量为 0 0 0 0 0 1 1 0 1 0 0 0 0 0 0 0 0 0 0 
第1105个电影的向量为 0 1 1 0 0 0 0 0 0 0 0 0 0 0 0 0 1 0 0 
第1106个电影的向量为 0 0 0 0 0 0 1 0 1 0 0 0 0 0 0 0 0 0 0 
第1107个电影的向量为 0 0 0 0 0 0 0 0 1 0 0 0 0 0 0 0 0 0 0 
第1108个电影的向量为 0 0 0 0 0 0 0 0 1 0 0 0 0 0 0 0 0 0 0 
第1109个电影的向量为 0 0 0 0 0 0 0 0 1 0 0 0 0 0 0 0 1 0 0 
第1110个电影的向量为 0 1 0 0 0 1 0 0 0 0 0 0 1 0 0 1 0 0 0 
第1111个电影的向量为 0 0 0 0 0 0 0 0 1 0 0 0 0 0 0 0 0 0 0 
第1112个电影的向量为 0 0 0 0 0 0 0 0 1 0 0 0 0 0 0 0 0 0 0 
第1113个电影的向量为 0 0 0 0 0 0 0 0 1 0 0 0 0 0 0 0 0 0 0 
第1114个电影的向量为 0 0 0 0 0 1 0 0 0 0 0 0 0 0 0 0 0 0 0 
第1115个电影的向量为 0 0 0 0 0 1 0 0 1 0 0 0 0 0 1 0 0 0 0 
第1116个电影的向量为 0 0 1 0 0 0 0 0 0 0 0 0 0 0 0 0 0 0 0 
第1117个电影的向量为 0 0 0 0 0 0 0 0 1 0 0 0 0 0 0 0 0 0 0 
第1118个电影的向量为 0 0 0 0 0 1 0 0 0 0 0 0 0 0 0 0 0 0 0 
第1119个电影的向量为 0 0 0 0 0 0 0 0 1 0 0 0 0 0 1 0 0 0 0 
第1120个电影的向量为 0 0 0 0 0 1 0 0 0 0 0 0 0 0 0 0 0 0 0 
第1121个电影的向量为 0 0 0 0 0 0 0 0 1 0 0 0 1 0 0 0 0 0 0 
第1122个电影的向量为 0 0 0 0 0 0 1 0 1 0 0 0 0 0 0 0 0 0 0 
第1123个电影的向量为 0 0 0 0 0 0 0 0 1 0 0 0 0 0 0 0 0 0 0 
第1124个电影的向量为 0 0 0 0 0 0 0 0 0 0 0 0 0 0 1 0 0 1 0 
第1125个电影的向量为 0 0 0 0 0 0 0 0 0 0 0 0 0 0 0 0 1 0 0 
第1126个电影的向量为 0 0 1 0 0 0 0 0 1 0 0 0 0 0 0 0 0 0 0 
第1127个电影的向量为 0 0 0 0 0 0 0 0 1 0 0 0 0 0 0 0 0 0 0 
第1128个电影的向量为 0 0 0 0 0 0 0 1 0 0 0 0 0 0 0 0 0 0 0 
第1129个电影的向量为 0 0 0 0 0 0 0 0 1 0 0 0 0 1 1 0 0 0 0 
第1130个电影的向量为 0 0 0 0 0 0 0 1 0 0 0 0 0 0 0 0 0 0 0 
第1131个电影的向量为 0 0 0 0 0 0 0 0 0 0 0 0 0 0 0 0 1 0 0 
第1132个电影的向量为 0 0 0 0 0 0 0 0 1 0 0 0 0 0 1 0 0 0 0 
第1133个电影的向量为 0 0 1 0 1 0 0 0 0 1 0 0 0 0 0 0 0 0 0 
第1134个电影的向量为 0 0 0 0 0 0 0 0 1 0 0 0 0 0 0 0 0 0 0 
第1135个电影的向量为 0 0 0 0 0 0 0 0 1 0 0 0 1 0 0 0 0 0 0 
第1136个电影的向量为 0 0 0 0 0 0 0 0 1 0 0 0 0 0 0 0 0 0 0 
第1137个电影的向量为 0 0 0 0 0 0 0 0 1 0 0 0 0 0 1 0 0 0 0 
第1138个电影的向量为 0 1 0 0 0 1 1 0 1 0 0 0 0 0 0 0 0 0 0 
第1139个电影的向量为 0 1 0 0 0 0 1 0 0 0 0 0 0 0 0 0 1 0 0 
第1140个电影的向量为 0 0 0 0 0 1 0 0 0 0 0 0 0 0 0 0 0 0 0 
第1141个电影的向量为 0 0 0 0 0 0 0 1 0 0 0 0 0 0 0 0 0 0 0 
第1142个电影的向量为 0 0 0 0 0 0 0 1 0 0 0 0 0 0 0 0 0 0 0 
第1143个电影的向量为 0 0 0 0 0 0 1 0 0 0 0 0 0 0 0 0 1 0 0 
第1144个电影的向量为 0 0 0 0 0 0 0 0 1 0 0 0 0 0 0 0 0 0 0 
第1145个电影的向量为 0 0 0 0 0 0 0 0 1 0 0 0 0 0 0 0 0 0 0 
第1146个电影的向量为 0 0 0 0 0 0 0 0 1 0 0 0 0 0 0 0 0 0 0 
第1147个电影的向量为 0 0 0 0 0 0 0 0 1 0 0 0 0 0 0 0 0 0 0 
第1148个电影的向量为 0 0 0 0 0 0 0 0 1 0 0 0 0 0 0 0 0 0 0 
第1149个电影的向量为 0 0 0 0 0 0 0 0 1 0 0 0 0 0 0 0 0 0 0 
第1150个电影的向量为 0 0 0 0 0 0 0 0 1 0 0 0 0 0 0 0 0 0 0 
第1151个电影的向量为 0 0 0 0 0 0 1 0 0 0 0 0 0 0 0 0 0 0 0 
第1152个电影的向量为 0 0 0 0 0 0 0 0 0 0 0 0 0 0 1 0 0 1 0 
第1153个电影的向量为 0 0 0 0 0 0 0 0 1 0 0 0 1 0 0 0 0 0 0 
第1154个电影的向量为 0 0 0 0 0 0 0 0 0 0 0 0 0 0 0 1 0 0 0 
第1155个电影的向量为 0 0 0 0 0 1 0 0 0 0 0 0 0 0 1 0 0 0 0 
第1156个电影的向量为 0 0 0 0 0 0 1 0 1 0 0 0 0 0 0 0 0 0 0 
第1157个电影的向量为 0 0 0 0 0 0 0 0 0 0 0 1 0 0 0 0 0 0 0 
第1158个电影的向量为 0 0 0 0 0 0 0 0 1 0 0 0 0 0 0 0 0 0 0 
第1159个电影的向量为 0 0 0 0 0 0 0 0 0 0 0 0 0 1 0 1 0 0 0 
第1160个电影的向量为 0 0 0 0 0 0 0 0 1 0 0 0 0 0 1 0 0 0 0 
第1161个电影的向量为 0 1 0 0 0 0 0 0 1 0 0 0 0 0 0 0 0 0 0 
第1162个电影的向量为 0 0 0 0 0 1 0 0 0 0 0 0 0 0 0 0 0 0 0 
第1163个电影的向量为 0 0 0 0 0 0 0 0 1 0 0 0 0 0 0 0 0 0 0 
第1164个电影的向量为 0 0 0 0 1 0 0 0 0 0 0 0 0 0 0 0 0 0 0 
第1165个电影的向量为 0 0 0 0 0 1 0 0 1 0 0 0 0 0 0 0 0 0 0 
第1166个电影的向量为 0 0 0 0 0 1 0 0 0 0 0 0 0 0 0 0 0 0 0 
第1167个电影的向量为 0 0 0 0 0 1 0 0 0 0 0 0 0 0 0 0 0 0 0 
第1168个电影的向量为 0 0 0 0 0 0 0 0 1 0 0 0 0 0 0 0 0 0 0 
第1169个电影的向量为 0 0 0 0 0 0 0 0 1 0 0 0 0 0 0 0 0 0 0 
第1170个电影的向量为 0 0 0 0 0 1 0 0 1 0 0 0 0 0 0 0 0 0 0 
第1171个电影的向量为 0 0 0 0 0 0 0 0 1 0 0 0 0 0 0 0 0 0 0 
第1172个电影的向量为 0 0 0 0 0 1 0 0 0 0 0 0 0 0 0 0 0 0 0 
第1173个电影的向量为 0 0 0 0 0 0 0 0 1 0 0 0 0 0 1 0 0 0 0 
第1174个电影的向量为 0 0 0 0 0 0 0 0 1 0 0 0 0 0 0 0 1 0 0 
第1175个电影的向量为 0 0 0 0 0 0 0 0 0 0 0 0 0 0 1 0 0 0 0 
第1176个电影的向量为 0 0 0 0 0 0 0 0 1 0 0 0 0 0 0 0 0 1 0 
第1177个电影的向量为 0 0 0 0 0 1 0 0 0 0 0 0 0 0 0 0 0 0 0 
第1178个电影的向量为 0 0 0 0 0 1 0 0 0 0 0 0 0 0 0 0 0 0 0 
第1179个电影的向量为 0 0 0 0 0 1 0 0 0 0 0 0 0 0 0 0 0 0 0 
第1180个电影的向量为 0 1 0 0 0 1 0 0 0 0 0 0 0 0 0 0 0 0 0 
第1181个电影的向量为 0 1 0 0 0 1 0 0 0 0 0 0 0 0 0 0 0 0 0 
第1182个电影的向量为 0 0 0 0 0 1 0 0 0 0 0 0 0 0 0 0 0 0 0 
第1183个电影的向量为 0 1 0 0 0 1 0 0 0 0 0 0 0 0 0 0 0 0 0 
第1184个电影的向量为 0 0 0 0 0 0 0 1 0 0 0 0 0 0 0 0 0 0 0 
第1185个电影的向量为 0 0 0 0 0 1 0 0 0 0 0 0 0 0 0 0 0 1 0 
第1186个电影的向量为 0 0 0 0 0 1 0 0 1 0 0 0 0 0 0 0 0 0 0 
第1187个电影的向量为 0 0 0 0 0 0 1 0 0 0 0 0 0 0 0 0 0 0 0 
第1188个电影的向量为 0 1 0 0 0 1 0 0 0 0 0 0 0 0 0 0 0 0 1 
第1189个电影的向量为 0 0 0 0 0 0 0 0 1 0 0 0 0 0 0 0 0 0 0 
第1190个电影的向量为 0 0 0 0 0 1 0 0 0 0 0 0 0 0 1 0 0 0 0 
第1191个电影的向量为 0 0 0 0 0 0 1 0 1 0 0 0 0 0 0 0 0 0 0 
第1192个电影的向量为 0 0 0 0 0 0 0 0 1 0 0 0 0 0 0 0 0 0 0 
第1193个电影的向量为 0 0 0 0 0 0 0 0 1 0 0 0 0 0 0 0 0 0 0 
第1194个电影的向量为 0 0 0 0 0 0 1 0 1 0 0 0 0 0 0 0 0 0 0 
第1195个电影的向量为 0 0 0 0 0 0 0 0 1 0 0 0 0 0 0 0 0 0 0 
第1196个电影的向量为 0 0 0 0 0 0 0 0 1 0 0 0 0 0 0 0 0 0 0 
第1197个电影的向量为 0 0 0 0 0 1 0 0 1 0 0 0 0 0 0 0 0 0 0 
第1198个电影的向量为 0 0 0 0 0 0 1 0 0 0 0 0 0 0 0 0 1 0 0 
第1199个电影的向量为 0 0 0 0 0 1 0 0 0 0 0 1 0 0 0 0 0 0 0 
第1200个电影的向量为 0 0 0 0 1 0 0 0 1 0 0 0 0 0 0 0 0 0 0 
第1201个电影的向量为 0 0 0 0 0 0 0 1 0 0 0 0 0 0 0 0 0 0 0 
第1202个电影的向量为 0 0 0 0 0 1 0 0 0 0 0 0 0 0 0 0 0 0 0 
第1203个电影的向量为 0 0 0 0 0 1 0 0 0 0 0 0 1 0 1 0 0 0 0 
第1204个电影的向量为 0 0 0 0 0 1 0 0 1 0 0 0 0 0 0 0 0 1 0 
第1205个电影的向量为 0 0 0 0 0 0 0 0 1 0 0 0 0 0 0 0 0 0 0 
第1206个电影的向量为 0 0 0 0 0 1 0 0 0 0 0 0 0 0 0 0 0 0 0 
第1207个电影的向量为 0 0 0 0 0 0 0 0 0 0 0 0 0 0 0 0 1 0 0 
第1208个电影的向量为 0 0 0 0 0 0 1 0 1 0 0 0 0 0 0 0 1 0 0 
第1209个电影的向量为 0 0 0 0 0 1 0 0 0 0 0 0 0 0 0 0 0 0 0 
第1210个电影的向量为 0 0 0 0 0 0 0 0 0 0 0 0 0 0 0 1 1 0 0 
第1211个电影的向量为 0 0 0 0 0 0 0 0 1 0 0 0 0 0 1 0 0 0 0 
第1212个电影的向量为 0 0 0 0 0 0 0 0 1 0 0 0 0 1 1 0 0 0 0 
第1213个电影的向量为 0 0 0 0 0 0 1 0 1 0 0 0 0 0 0 0 1 0 0 
第1214个电影的向量为 0 0 0 0 0 0 0 0 1 0 0 0 0 0 0 0 0 0 0 
第1215个电影的向量为 0 1 0 0 0 0 0 0 0 0 0 0 0 0 0 1 0 0 0 
第1216个电影的向量为 0 0 0 0 0 0 0 0 0 0 0 0 0 0 1 0 0 0 0 
第1217个电影的向量为 0 0 0 0 0 0 0 0 0 0 0 0 0 0 0 0 1 0 0 
第1218个电影的向量为 0 0 0 0 0 1 0 0 0 0 0 0 0 0 0 0 0 0 0 
第1219个电影的向量为 0 0 0 1 1 1 0 0 0 0 0 0 0 0 1 0 0 0 0 
第1220个电影的向量为 0 0 0 0 0 0 0 0 1 0 0 0 0 0 0 0 0 0 0 
第1221个电影的向量为 0 0 0 0 0 0 0 0 1 0 0 0 0 0 0 0 0 0 0 
第1222个电影的向量为 0 1 0 0 0 0 0 0 0 0 0 0 0 0 0 0 0 0 0 
第1223个电影的向量为 0 0 0 0 0 0 0 0 1 0 0 0 0 0 0 0 0 0 0 
第1224个电影的向量为 0 0 0 0 0 0 0 0 1 0 0 0 0 0 0 0 0 0 0 
第1225个电影的向量为 0 0 0 0 0 1 0 0 0 0 0 0 0 0 0 0 0 0 0 
第1226个电影的向量为 0 0 0 0 0 0 1 0 1 0 0 0 0 0 0 0 0 0 0 
第1227个电影的向量为 0 0 0 0 0 0 0 0 1 0 0 0 0 0 0 0 0 0 0 
第1228个电影的向量为 0 1 0 0 0 0 0 0 0 0 0 0 0 0 0 0 0 0 0 
第1229个电影的向量为 0 0 0 0 0 0 0 0 1 0 0 0 0 0 0 0 1 0 0 
第1230个电影的向量为 0 0 0 0 0 1 0 0 0 0 0 0 0 0 0 0 0 0 0 
第1231个电影的向量为 0 1 0 0 0 0 0 0 1 0 0 0 0 0 0 0 0 0 0 
第1232个电影的向量为 0 0 0 0 0 0 0 1 0 0 0 0 0 0 0 0 0 0 0 
第1233个电影的向量为 0 0 0 0 0 0 0 0 1 0 0 0 0 0 0 0 0 0 0 
第1234个电影的向量为 0 0 0 0 0 1 0 0 0 0 0 0 0 0 0 0 0 0 0 
第1235个电影的向量为 0 0 0 0 0 0 1 0 0 0 0 0 0 0 0 0 0 0 0 
第1236个电影的向量为 0 0 0 0 0 0 0 0 1 0 0 0 0 0 0 0 0 0 0 
第1237个电影的向量为 0 0 0 0 0 1 0 0 1 0 0 0 0 0 0 0 0 0 0 
第1238个电影的向量为 0 0 0 0 0 0 0 0 1 0 0 0 0 0 0 0 0 0 0 
第1239个电影的向量为 0 1 1 0 0 0 0 0 0 0 0 0 0 0 1 0 0 0 0 
第1240个电影的向量为 0 0 0 1 0 0 0 0 0 0 0 0 0 0 0 1 0 0 0 
第1241个电影的向量为 0 0 0 0 0 1 0 0 1 0 0 0 0 0 0 0 0 0 0 
第1242个电影的向量为 0 0 0 0 0 1 0 0 0 0 0 0 0 0 0 0 0 0 0 
第1243个电影的向量为 0 0 0 0 0 0 0 0 0 0 0 1 0 0 0 0 0 0 0 
第1244个电影的向量为 0 1 0 0 0 0 0 0 0 0 0 0 0 0 0 0 0 0 0 
第1245个电影的向量为 0 0 0 0 0 0 1 0 0 0 0 0 0 0 0 0 0 0 0 
第1246个电影的向量为 0 0 0 0 0 1 0 0 0 0 0 0 0 0 0 0 0 0 0 
第1247个电影的向量为 0 0 0 0 0 0 0 0 0 0 0 0 0 0 0 0 0 0 1 
第1248个电影的向量为 0 0 0 0 0 0 0 0 0 0 0 0 0 0 0 0 1 0 0 
第1249个电影的向量为 0 0 0 0 0 1 0 0 0 0 0 0 0 0 0 0 0 0 0 
第1250个电影的向量为 0 1 0 0 0 0 0 0 0 0 0 0 0 0 0 0 0 0 0 
第1251个电影的向量为 0 0 0 0 0 1 0 0 0 0 0 0 0 0 0 0 0 0 0 
第1252个电影的向量为 0 0 0 0 0 0 0 0 1 0 0 0 0 0 0 0 0 0 0 
第1253个电影的向量为 0 0 0 0 0 0 0 0 0 0 0 0 0 0 0 0 1 0 0 
第1254个电影的向量为 0 0 0 0 0 1 0 0 0 0 0 0 0 0 0 0 0 0 0 
第1255个电影的向量为 0 0 0 0 0 0 0 0 1 0 0 0 0 0 0 0 0 0 0 
第1256个电影的向量为 0 0 0 0 0 0 0 0 1 0 0 0 0 0 0 0 0 0 0 
第1257个电影的向量为 0 0 0 0 0 0 0 0 1 0 0 0 0 0 0 0 0 0 0 
第1258个电影的向量为 0 0 0 0 0 1 0 0 0 0 0 0 0 0 1 0 0 0 0 
第1259个电影的向量为 0 0 0 0 0 1 0 0 0 0 0 0 0 0 1 0 0 0 0 
第1260个电影的向量为 0 0 0 0 0 0 0 0 1 0 0 0 0 0 0 0 0 0 0 
第1261个电影的向量为 0 0 0 0 0 0 0 0 1 0 0 0 0 0 0 0 0 0 0 
第1262个电影的向量为 0 0 0 0 0 0 0 0 0 0 0 0 0 0 1 0 0 0 0 
第1263个电影的向量为 0 0 0 0 0 0 0 0 1 0 0 0 0 0 0 0 0 0 0 
第1264个电影的向量为 0 0 0 0 0 0 0 0 1 0 0 0 0 0 0 0 0 0 0 
第1265个电影的向量为 0 0 0 0 0 0 0 0 1 0 0 0 0 0 0 0 0 0 0 
第1266个电影的向量为 0 0 0 0 0 0 0 0 1 0 0 0 0 0 0 0 0 0 0 
第1267个电影的向量为 0 0 0 0 0 0 0 0 1 0 0 0 0 0 0 0 0 0 0 
第1268个电影的向量为 0 0 0 0 0 0 0 0 1 0 0 0 0 0 0 0 0 0 0 
第1269个电影的向量为 0 0 0 0 0 1 0 0 0 0 0 0 0 0 1 0 0 0 0 
第1270个电影的向量为 0 0 0 0 0 1 0 0 0 0 0 0 0 0 0 0 0 0 0 
第1271个电影的向量为 0 0 0 0 0 1 0 0 0 0 0 0 0 0 0 0 0 0 0 
第1272个电影的向量为 0 0 0 0 0 1 0 0 1 0 0 0 0 0 0 0 0 0 0 
第1273个电影的向量为 0 0 0 0 0 0 0 0 1 0 0 0 0 0 0 0 1 0 0 
第1274个电影的向量为 0 0 0 0 0 0 0 0 0 0 0 0 0 0 0 1 1 0 0 
第1275个电影的向量为 0 0 0 0 0 0 0 0 0 0 0 0 0 0 0 0 1 0 0 
第1276个电影的向量为 0 0 0 0 0 0 0 0 1 0 0 0 0 0 0 0 0 0 0 
第1277个电影的向量为 0 1 0 0 0 0 1 0 0 0 0 0 0 0 0 0 0 0 0 
第1278个电影的向量为 0 0 0 0 0 0 0 0 1 0 0 0 1 0 0 0 0 0 0 
第1279个电影的向量为 0 0 1 0 1 0 0 0 0 0 0 0 0 0 0 0 0 0 0 
第1280个电影的向量为 0 0 0 0 0 0 1 0 0 0 0 0 0 0 0 0 0 0 0 
第1281个电影的向量为 0 0 0 0 0 0 0 0 1 0 0 0 0 0 0 0 0 0 0 
第1282个电影的向量为 0 0 0 0 0 0 0 0 1 0 0 0 0 0 0 0 0 0 0 
第1283个电影的向量为 0 0 0 0 0 1 0 0 0 0 0 0 0 0 0 0 0 0 0 
第1284个电影的向量为 0 0 0 0 0 0 0 0 1 0 0 0 0 1 0 0 0 0 0 
第1285个电影的向量为 0 0 0 0 0 0 0 0 1 0 0 0 0 0 0 0 0 0 0 
第1286个电影的向量为 0 0 0 0 0 1 0 0 0 0 0 0 1 0 1 0 0 0 0 
第1287个电影的向量为 0 0 0 0 0 1 0 0 0 0 0 0 0 0 0 0 0 0 0 
第1288个电影的向量为 0 0 0 0 0 1 0 0 0 0 0 0 0 0 0 0 0 0 0 
第1289个电影的向量为 0 0 0 0 0 0 0 0 0 0 0 0 0 0 1 0 0 0 0 
第1290个电影的向量为 0 0 0 0 0 0 0 0 1 0 0 0 0 0 1 0 0 0 0 
第1291个电影的向量为 0 0 0 0 0 1 0 0 0 0 0 0 0 0 0 0 0 0 0 
第1292个电影的向量为 0 0 0 0 1 0 0 0 0 1 0 0 0 0 0 0 0 0 0 
第1293个电影的向量为 0 0 1 0 1 0 0 0 0 1 0 0 0 0 0 1 0 0 0 
第1294个电影的向量为 0 0 0 0 0 0 0 1 0 0 0 0 0 0 0 0 0 0 0 
第1295个电影的向量为 0 0 0 0 0 1 0 0 1 0 0 0 0 0 0 0 0 0 0 
第1296个电影的向量为 0 0 0 0 0 1 0 0 1 0 0 0 0 0 0 0 0 0 0 
第1297个电影的向量为 0 0 0 0 0 0 0 0 1 0 0 0 0 0 1 0 0 0 0 
第1298个电影的向量为 0 0 0 0 0 1 0 0 0 0 0 0 1 0 0 0 0 0 0 
第1299个电影的向量为 0 0 0 0 0 0 0 0 1 0 0 0 0 0 1 0 0 0 0 
第1300个电影的向量为 0 0 0 0 0 0 0 0 1 0 0 0 0 0 1 0 0 0 0 
第1301个电影的向量为 0 0 0 0 0 1 0 0 0 0 0 0 0 0 0 0 0 0 0 
第1302个电影的向量为 0 0 0 0 0 1 0 0 0 0 0 0 0 0 0 0 0 0 0 
第1303个电影的向量为 0 1 0 0 0 0 0 0 0 0 0 0 0 0 0 0 0 0 0 
第1304个电影的向量为 0 1 0 0 0 0 1 0 0 0 0 0 0 0 0 0 0 0 0 
第1305个电影的向量为 0 0 0 0 0 1 0 0 0 0 0 0 0 0 0 0 0 0 0 
第1306个电影的向量为 0 0 0 0 0 0 0 0 1 0 0 0 0 0 0 0 0 0 0 
第1307个电影的向量为 0 0 0 0 0 0 0 1 0 0 0 0 0 0 0 0 0 0 0 
第1308个电影的向量为 0 0 0 0 0 1 0 0 1 0 0 0 0 0 0 0 0 0 0 
第1309个电影的向量为 0 0 0 0 0 0 0 0 1 0 0 0 0 0 0 0 0 0 0 
第1310个电影的向量为 0 0 0 0 0 0 0 0 1 0 0 0 0 0 0 0 0 0 0 
第1311个电影的向量为 0 0 0 0 0 1 0 0 1 0 0 0 0 0 0 0 0 0 0 
第1312个电影的向量为 0 0 0 0 0 1 0 0 1 0 0 0 0 0 0 0 0 0 0 
第1313个电影的向量为 0 0 0 0 0 0 0 0 0 0 1 0 0 1 0 0 1 0 0 
第1314个电影的向量为 0 1 1 0 0 0 0 0 0 0 0 0 0 0 0 0 1 0 0 
第1315个电影的向量为 0 0 0 0 0 0 0 0 1 0 0 0 0 0 1 0 0 0 0 
第1316个电影的向量为 0 0 0 0 0 0 0 0 1 0 0 0 0 0 0 0 0 0 0 
第1317个电影的向量为 0 0 0 0 0 0 0 0 1 0 0 0 0 0 0 0 0 0 0 
第1318个电影的向量为 0 0 0 0 0 0 0 1 0 0 0 0 0 0 0 0 0 0 0 
第1319个电影的向量为 0 0 0 0 0 0 0 0 1 0 0 0 0 0 0 0 0 0 0 
第1320个电影的向量为 0 0 0 0 0 0 0 0 1 0 0 0 0 0 0 0 0 0 0 
第1321个电影的向量为 0 0 0 0 0 1 0 0 0 0 0 0 0 0 0 0 0 0 0 
第1322个电影的向量为 0 0 0 0 0 1 0 0 0 0 0 0 0 0 0 0 0 0 0 
第1323个电影的向量为 0 0 0 0 0 0 0 0 1 0 0 0 0 0 0 0 0 0 0 
第1324个电影的向量为 0 0 0 0 0 0 0 0 1 0 0 0 0 0 0 0 1 0 0 
第1325个电影的向量为 0 0 0 0 0 0 0 0 1 0 0 0 0 0 0 0 0 0 0 
第1326个电影的向量为 0 0 0 0 0 0 0 0 1 0 0 0 0 0 0 0 0 0 0 
第1327个电影的向量为 0 0 0 0 0 0 0 0 1 0 0 0 0 0 0 0 0 0 0 
第1328个电影的向量为 0 0 0 0 0 0 0 0 1 0 0 0 0 0 0 0 0 0 0 
第1329个电影的向量为 0 0 0 0 0 0 0 0 1 0 0 0 0 0 0 0 0 0 0 
第1330个电影的向量为 0 0 0 0 0 0 0 0 1 0 0 0 0 0 0 0 0 0 0 
第1331个电影的向量为 0 0 0 0 0 0 0 1 0 0 0 0 0 0 0 0 0 0 0 
第1332个电影的向量为 0 0 0 0 0 0 0 0 1 0 0 0 0 0 0 0 0 0 0 
第1333个电影的向量为 0 0 0 0 0 1 0 0 1 0 0 0 0 0 0 0 0 0 0 
第1334个电影的向量为 0 0 0 0 0 0 0 0 1 0 0 0 0 0 0 0 0 0 0 
第1335个电影的向量为 0 0 0 0 0 0 0 0 1 0 0 0 0 0 0 0 0 0 0 
第1336个电影的向量为 0 0 0 0 1 1 0 0 0 1 0 0 0 0 0 0 0 0 0 
第1337个电影的向量为 0 0 0 0 0 1 0 0 0 0 0 0 0 0 0 0 0 0 0 
第1338个电影的向量为 0 0 0 0 0 0 0 0 1 0 0 0 0 0 0 0 0 0 0 
第1339个电影的向量为 0 0 0 0 0 1 0 0 1 0 0 0 0 0 0 0 0 0 0 
第1340个电影的向量为 0 0 0 0 0 0 0 0 0 0 0 0 0 0 1 0 0 0 0 
第1341个电影的向量为 0 0 0 0 0 0 0 0 1 0 0 0 0 0 0 0 0 0 0 
第1342个电影的向量为 0 0 0 0 0 0 0 0 1 0 0 0 0 0 0 0 0 0 0 
第1343个电影的向量为 0 0 0 0 0 0 0 0 1 0 0 0 0 0 0 0 0 0 0 
第1344个电影的向量为 0 0 0 0 0 0 0 0 1 0 0 0 0 0 0 0 0 0 0 
第1345个电影的向量为 0 0 0 0 0 0 0 0 1 0 0 0 0 0 0 0 0 0 0 
第1346个电影的向量为 0 0 0 0 0 0 0 0 1 0 0 0 0 0 0 0 0 0 0 
第1347个电影的向量为 0 0 0 0 0 0 0 0 1 0 0 0 0 0 0 0 0 0 0 
第1348个电影的向量为 0 0 0 0 0 0 0 0 1 0 0 0 0 0 0 0 0 0 0 
第1349个电影的向量为 0 0 0 0 0 1 0 0 0 0 0 0 0 0 0 0 0 0 0 
第1350个电影的向量为 0 0 0 0 0 0 0 0 1 0 0 0 0 0 0 0 0 0 0 
第1351个电影的向量为 0 0 0 0 0 1 0 0 0 0 0 0 0 0 0 0 0 0 0 
第1352个电影的向量为 0 0 0 0 0 0 0 0 1 0 0 0 0 0 0 0 0 0 0 
第1353个电影的向量为 0 0 0 0 0 0 0 0 0 0 0 0 0 0 1 0 0 0 0 
第1354个电影的向量为 0 0 0 0 0 0 0 0 1 0 0 0 0 0 0 0 0 0 0 
第1355个电影的向量为 0 0 0 0 0 0 0 0 1 0 0 0 0 0 0 0 0 0 0 
第1356个电影的向量为 0 0 0 0 0 1 0 0 0 0 0 0 0 0 0 0 0 0 0 
第1357个电影的向量为 0 0 0 0 0 0 0 0 0 0 0 0 0 0 1 0 0 1 0 
第1358个电影的向量为 0 1 0 0 0 0 0 0 0 0 0 0 0 0 0 0 0 0 0 
第1359个电影的向量为 0 0 0 0 0 0 0 0 1 0 0 0 0 0 0 0 0 0 0 
第1360个电影的向量为 0 0 0 0 0 1 0 0 0 0 0 0 0 0 0 0 0 0 0 
第1361个电影的向量为 0 0 0 0 0 1 0 0 0 0 0 0 0 0 0 0 0 0 0 
第1362个电影的向量为 0 1 0 0 0 0 0 0 0 0 0 0 0 0 0 0 0 0 0 
第1363个电影的向量为 0 0 0 0 0 0 0 1 0 0 0 0 0 0 0 0 0 0 0 
第1364个电影的向量为 0 1 0 0 0 0 0 0 0 0 0 0 0 0 0 0 0 0 0 
第1365个电影的向量为 0 1 0 0 0 0 0 0 1 0 0 0 0 0 0 0 0 0 0 
第1366个电影的向量为 0 0 0 0 0 0 0 1 1 0 0 0 0 0 0 0 0 0 0 
第1367个电影的向量为 0 0 0 1 0 0 0 0 0 0 0 0 0 0 0 0 0 0 0 
第1368个电影的向量为 0 0 0 0 0 0 0 0 1 0 0 0 0 0 0 0 0 0 0 
第1369个电影的向量为 0 0 0 0 0 0 0 0 1 0 0 0 0 0 0 0 0 0 0 
第1370个电影的向量为 0 0 0 0 0 0 0 0 1 0 0 0 0 0 0 0 1 0 0 
第1371个电影的向量为 0 0 0 0 0 1 0 0 0 0 0 1 0 0 0 0 0 0 0 
第1372个电影的向量为 0 1 0 0 0 0 0 0 0 0 0 0 0 0 0 0 0 0 0 
第1373个电影的向量为 1 0 0 0 0 0 0 0 0 0 0 0 0 0 0 0 0 0 0 
第1374个电影的向量为 0 0 0 0 0 1 0 0 0 0 0 0 0 0 0 0 0 0 0 
第1375个电影的向量为 0 0 0 0 0 0 0 0 1 0 0 0 0 0 0 0 0 0 0 
第1376个电影的向量为 0 0 0 0 0 1 0 0 0 0 0 0 0 0 0 0 0 0 0 
第1377个电影的向量为 0 0 0 0 0 1 0 0 0 0 0 0 0 0 1 0 0 0 0 
第1378个电影的向量为 0 0 0 0 0 0 0 1 0 0 0 0 0 0 0 0 0 0 0 
第1379个电影的向量为 0 0 0 0 0 0 0 0 0 0 0 0 0 0 1 0 0 0 0 
第1380个电影的向量为 0 0 0 0 0 0 0 0 1 0 0 0 0 0 0 0 0 0 0 
第1381个电影的向量为 0 0 0 0 0 0 0 0 1 0 0 0 0 0 0 0 0 0 0 
第1382个电影的向量为 0 0 0 0 0 0 0 0 1 0 0 0 0 0 0 0 0 0 0 
第1383个电影的向量为 0 0 1 0 1 0 0 0 0 0 0 0 0 0 0 0 0 0 0 
第1384个电影的向量为 0 0 0 0 0 0 0 0 1 0 0 0 0 0 0 0 0 0 0 
第1385个电影的向量为 0 0 0 0 0 1 0 0 0 0 0 0 0 0 1 0 0 0 0 
第1386个电影的向量为 0 0 0 0 0 0 0 0 0 0 0 0 0 0 0 1 0 0 0 
第1387个电影的向量为 0 0 0 0 0 0 0 0 0 0 0 0 0 0 1 0 0 0 0 
第1388个电影的向量为 0 0 0 0 0 0 0 0 1 0 0 0 0 0 0 0 0 0 0 
第1389个电影的向量为 0 0 0 0 0 0 0 0 1 0 0 0 0 0 0 0 0 0 0 
第1390个电影的向量为 0 0 0 0 0 0 1 0 0 0 0 0 0 0 0 0 0 0 0 
第1391个电影的向量为 0 0 0 0 0 0 0 0 1 0 0 0 0 0 0 0 0 0 0 
第1392个电影的向量为 0 0 0 0 0 0 0 0 1 0 0 0 0 0 0 0 0 0 0 
第1393个电影的向量为 0 1 0 0 0 0 0 0 0 0 0 0 0 0 0 0 1 0 0 
第1394个电影的向量为 0 0 0 0 0 0 0 0 0 0 0 0 0 0 1 0 0 0 0 
第1395个电影的向量为 0 0 0 0 0 0 0 0 1 0 0 0 0 0 0 0 0 0 0 
第1396个电影的向量为 0 0 0 0 0 0 0 0 1 0 0 0 0 0 0 0 0 0 0 
第1397个电影的向量为 0 0 0 0 0 0 0 0 1 0 0 0 0 0 0 0 0 0 0 
第1398个电影的向量为 0 0 0 0 0 0 0 0 1 0 0 0 0 0 0 0 0 0 0 
第1399个电影的向量为 0 0 0 0 0 0 0 0 0 0 0 0 0 0 0 0 1 0 0 
第1400个电影的向量为 0 0 0 0 0 0 0 0 1 0 0 0 0 0 1 0 0 0 0 
第1401个电影的向量为 0 0 0 0 0 0 0 0 1 0 0 0 0 0 0 0 0 0 0 
第1402个电影的向量为 0 0 0 0 0 0 0 0 1 0 0 0 0 0 0 0 0 0 0 
第1403个电影的向量为 0 0 0 0 0 1 0 0 1 0 0 0 0 0 0 0 0 0 0 
第1404个电影的向量为 0 0 0 0 0 1 0 0 0 0 0 0 0 0 0 0 0 0 0 
第1405个电影的向量为 0 0 0 0 0 0 0 0 1 0 0 0 0 0 0 0 0 0 0 
第1406个电影的向量为 0 0 0 0 0 0 0 0 1 0 0 0 0 0 1 0 0 0 0 
第1407个电影的向量为 0 1 0 0 0 0 0 0 0 0 0 0 0 0 0 0 0 0 0 
第1408个电影的向量为 0 0 0 0 0 1 0 0 0 0 0 0 0 0 0 0 0 0 0 
第1409个电影的向量为 0 0 0 1 1 0 0 0 0 0 0 0 0 0 0 0 0 0 0 
第1410个电影的向量为 0 0 0 0 0 0 0 0 1 0 0 0 0 0 0 0 0 0 0 
第1411个电影的向量为 0 0 1 0 0 0 0 0 0 0 0 0 0 0 0 1 0 0 0 
第1412个电影的向量为 0 0 0 1 1 0 0 0 0 0 0 0 0 0 0 0 0 0 0 
第1413个电影的向量为 0 1 0 0 0 0 0 0 0 0 0 0 0 0 0 0 0 0 0 
第1414个电影的向量为 0 1 0 0 0 0 0 0 0 0 0 0 0 0 0 0 0 0 0 
第1415个电影的向量为 0 1 0 0 1 0 0 0 0 0 0 0 0 0 0 0 0 0 0 
第1416个电影的向量为 0 1 0 0 0 0 0 0 0 0 0 0 0 0 0 1 0 0 0 
第1417个电影的向量为 0 0 0 0 0 0 0 0 1 0 0 0 0 0 0 0 0 0 0 
第1418个电影的向量为 0 0 0 0 0 0 0 0 1 0 0 0 0 0 0 0 0 0 0 
第1419个电影的向量为 0 1 0 0 0 0 0 0 0 0 0 0 0 0 0 1 0 0 0 
第1420个电影的向量为 0 0 0 0 0 1 0 0 0 0 0 0 0 0 0 0 0 0 0 
第1421个电影的向量为 0 0 0 0 0 0 0 0 1 0 0 0 0 0 0 0 0 0 0 
第1422个电影的向量为 0 0 0 0 0 0 0 0 0 0 1 0 0 0 0 0 1 0 0 
第1423个电影的向量为 0 0 0 0 0 0 0 0 1 0 0 0 0 0 0 0 0 1 0 
第1424个电影的向量为 0 0 0 0 0 1 0 0 1 0 0 0 0 0 1 0 0 0 0 
第1425个电影的向量为 0 0 0 0 0 1 0 0 1 0 0 0 0 0 0 0 0 0 0 
第1426个电影的向量为 0 0 0 0 0 1 0 0 1 0 0 0 0 0 0 0 0 0 0 
第1427个电影的向量为 0 0 0 0 0 0 0 0 1 0 0 0 0 0 0 0 0 0 0 
第1428个电影的向量为 0 0 0 0 0 1 0 0 0 0 0 0 0 0 0 0 0 0 0 
第1429个电影的向量为 0 0 0 0 0 0 0 0 1 0 0 0 0 0 1 0 0 0 0 
第1430个电影的向量为 0 0 0 0 0 0 0 0 1 0 0 0 0 0 0 0 0 0 0 
第1431个电影的向量为 0 0 0 0 0 0 0 0 0 0 0 0 0 0 0 0 1 0 0 
第1432个电影的向量为 0 0 0 0 0 0 0 0 1 0 0 0 0 0 0 0 0 0 0 
第1433个电影的向量为 0 1 0 0 0 0 0 0 1 0 0 0 0 0 0 0 0 0 0 
第1434个电影的向量为 0 0 0 0 0 0 0 0 0 0 0 0 0 0 1 0 0 0 0 
第1435个电影的向量为 0 0 0 0 0 1 0 0 0 0 0 0 0 0 0 0 0 0 0 
第1436个电影的向量为 0 0 0 0 0 0 0 0 1 0 0 0 0 0 1 0 0 0 0 
第1437个电影的向量为 0 0 0 0 0 1 0 0 0 0 0 0 0 0 0 0 0 0 0 
第1438个电影的向量为 0 0 0 0 0 0 0 0 1 0 0 0 0 0 0 0 0 0 0 
第1439个电影的向量为 0 0 0 0 0 0 1 0 1 0 0 0 0 0 0 0 0 0 0 
第1440个电影的向量为 0 0 0 0 0 0 0 0 1 0 0 0 0 0 0 0 0 0 0 
第1441个电影的向量为 0 0 0 0 0 0 0 0 1 0 0 0 0 0 1 0 0 0 0 
第1442个电影的向量为 0 0 0 0 0 0 0 0 1 0 0 0 0 0 0 0 0 0 0 
第1443个电影的向量为 0 0 0 0 0 0 0 0 1 0 0 0 0 0 0 0 0 0 0 
第1444个电影的向量为 0 0 0 0 1 1 0 0 0 0 0 0 0 1 0 0 0 0 0 
第1445个电影的向量为 0 0 0 0 0 0 0 0 1 0 0 0 0 0 0 0 0 0 0 
第1446个电影的向量为 0 0 0 0 0 1 0 0 0 0 0 0 0 0 0 0 0 0 0 
第1447个电影的向量为 0 0 0 0 0 0 0 0 1 0 0 0 0 0 0 0 0 0 0 
第1448个电影的向量为 0 0 0 0 0 0 0 0 1 0 0 0 0 0 0 0 0 0 0 
第1449个电影的向量为 0 0 0 0 0 0 0 0 1 0 0 0 0 0 0 0 0 0 0 
第1450个电影的向量为 0 0 1 0 0 0 0 0 0 0 0 0 0 0 1 0 0 0 0 
第1451个电影的向量为 0 0 0 0 0 0 0 0 0 0 0 0 0 0 0 0 1 0 0 
第1452个电影的向量为 0 0 0 0 0 1 0 0 0 0 0 0 0 1 0 0 0 0 0 
第1453个电影的向量为 0 0 0 0 0 0 1 0 1 0 0 0 0 0 0 0 0 0 0 
第1454个电影的向量为 0 0 0 0 0 0 0 0 0 0 0 0 0 0 0 0 0 0 1 
第1455个电影的向量为 0 0 0 0 0 0 0 0 0 0 0 0 0 0 0 0 0 0 1 
第1456个电影的向量为 0 0 0 0 0 1 0 0 1 0 0 0 0 0 0 0 0 0 0 
第1457个电影的向量为 0 0 0 0 0 1 0 0 1 0 0 0 0 0 0 0 0 0 0 
第1458个电影的向量为 0 0 0 0 0 1 0 0 0 0 0 0 1 0 1 0 0 0 0 
第1459个电影的向量为 0 0 0 0 0 0 0 0 0 0 0 0 1 0 0 0 0 0 0 
第1460个电影的向量为 0 0 0 0 0 1 0 0 1 0 0 0 0 0 0 0 0 0 0 
第1461个电影的向量为 0 0 0 0 0 1 0 0 0 0 0 0 0 0 0 0 0 0 0 
第1462个电影的向量为 0 0 0 0 0 0 1 0 1 0 0 0 0 0 1 0 0 0 0 
第1463个电影的向量为 0 0 0 0 0 1 0 0 0 0 0 0 0 0 0 0 0 0 0 
第1464个电影的向量为 0 0 0 0 0 0 0 0 1 0 0 0 0 0 0 0 0 0 0 
第1465个电影的向量为 0 0 0 0 0 1 0 0 1 0 0 0 0 0 0 0 0 0 0 
第1466个电影的向量为 0 0 0 0 0 0 0 0 1 0 0 0 0 0 0 0 0 0 0 
第1467个电影的向量为 0 0 0 0 0 0 0 0 1 0 0 0 0 0 0 0 0 0 0 
第1468个电影的向量为 0 0 0 0 0 0 0 0 1 0 0 0 0 0 0 0 0 0 0 
第1469个电影的向量为 0 0 1 0 1 0 0 0 0 0 0 0 0 0 0 0 0 0 0 
第1470个电影的向量为 0 0 0 1 1 0 0 0 0 0 0 0 0 0 0 0 0 0 0 
第1471个电影的向量为 0 0 0 0 0 0 0 0 0 0 0 0 0 0 0 0 1 0 0 
第1472个电影的向量为 0 0 0 0 0 1 0 0 0 0 0 0 0 0 0 1 0 0 0 
第1473个电影的向量为 0 0 0 0 1 0 0 0 1 0 0 0 0 0 0 0 0 0 0 
第1474个电影的向量为 0 0 0 0 0 1 0 0 0 0 0 0 0 0 1 0 0 0 0 
第1475个电影的向量为 0 0 0 0 0 1 0 0 1 0 0 0 0 0 0 0 0 0 0 
第1476个电影的向量为 0 0 0 0 0 0 0 0 0 0 1 0 0 0 0 0 0 0 0 
第1477个电影的向量为 0 0 0 0 0 0 0 0 0 0 0 1 0 0 0 0 1 0 0 
第1478个电影的向量为 0 1 0 0 0 0 1 0 1 0 0 0 0 0 0 0 0 0 0 
第1479个电影的向量为 0 0 0 0 0 1 0 0 0 0 0 0 0 0 0 0 0 0 0 
第1480个电影的向量为 0 0 1 0 1 1 0 0 0 0 0 0 0 0 0 0 0 0 0 
第1481个电影的向量为 0 0 0 0 0 0 0 0 1 0 0 0 0 0 0 0 0 0 0 
第1482个电影的向量为 0 0 0 0 0 0 0 1 0 0 0 0 0 0 0 0 0 0 0 
第1483个电影的向量为 0 1 0 0 0 0 0 0 1 0 0 0 0 0 1 0 0 0 0 
第1484个电影的向量为 0 1 0 0 0 1 0 0 0 0 0 0 0 0 0 0 0 0 0 
第1485个电影的向量为 0 0 0 0 0 0 0 0 1 0 0 0 0 0 1 0 0 1 0 
第1486个电影的向量为 0 0 0 0 0 0 0 0 1 0 0 0 0 0 0 0 0 0 0 
第1487个电影的向量为 0 0 0 0 0 1 0 0 0 0 0 0 0 0 1 0 0 0 0 
第1488个电影的向量为 0 0 0 0 0 0 0 0 1 0 0 0 0 0 0 0 0 0 0 
第1489个电影的向量为 0 0 0 0 0 1 0 0 0 0 0 0 0 0 0 0 0 0 0 
第1490个电影的向量为 0 0 0 0 0 1 0 0 0 0 0 0 0 0 0 0 0 0 0 
第1491个电影的向量为 0 1 0 0 0 0 0 0 1 0 0 0 0 0 0 0 1 0 0 
第1492个电影的向量为 0 0 0 0 0 1 0 0 0 0 0 0 0 0 0 0 0 0 0 
第1493个电影的向量为 0 0 0 0 0 0 0 0 0 0 0 0 0 0 1 0 0 0 0 
第1494个电影的向量为 0 0 0 0 0 1 0 0 0 0 0 0 0 0 0 0 0 0 0 
第1495个电影的向量为 0 0 0 0 0 0 0 0 1 0 0 0 0 0 0 0 0 0 0 
第1496个电影的向量为 0 0 0 0 0 1 1 0 0 0 0 0 0 0 0 0 0 0 0 
第1497个电影的向量为 0 0 0 0 0 0 0 1 0 0 0 0 0 0 0 0 0 0 0 
第1498个电影的向量为 0 0 0 0 0 1 0 0 0 0 0 0 0 0 0 0 0 0 0 
第1499个电影的向量为 0 0 0 0 0 1 0 0 0 0 0 0 0 0 0 0 0 0 0 
第1500个电影的向量为 0 0 0 0 0 1 0 0 0 0 0 0 0 0 0 0 0 0 0 
第1501个电影的向量为 0 0 0 0 0 0 0 0 0 0 0 0 0 0 0 0 0 1 0 
第1502个电影的向量为 0 0 0 0 0 1 0 0 0 0 0 0 0 0 1 0 0 0 0 
第1503个电影的向量为 0 0 1 0 1 0 0 0 0 0 0 0 0 0 0 0 0 0 0 
第1504个电影的向量为 0 0 0 0 0 1 0 0 0 0 0 0 0 0 0 0 0 0 0 
第1505个电影的向量为 0 0 0 0 0 0 1 0 1 0 0 0 0 0 0 0 0 0 0 
第1506个电影的向量为 0 0 0 0 0 0 0 0 1 0 0 0 0 0 0 0 0 0 0 
第1507个电影的向量为 0 0 0 0 0 1 0 0 0 0 0 0 0 0 0 0 0 0 0 
第1508个电影的向量为 0 0 0 0 0 0 0 0 1 0 0 0 0 0 0 0 1 0 0 
第1509个电影的向量为 0 0 0 0 0 1 0 0 0 0 0 0 0 0 0 0 0 0 0 
第1510个电影的向量为 0 0 0 0 0 0 1 0 0 0 0 0 0 0 0 0 0 0 0 
第1511个电影的向量为 0 0 0 0 0 1 0 0 0 0 0 0 0 0 0 0 0 0 0 
第1512个电影的向量为 0 0 0 0 0 0 0 0 1 0 0 0 0 0 0 0 0 0 0 
第1513个电影的向量为 0 0 0 0 0 1 0 0 0 0 0 0 0 0 0 0 0 0 0 
第1514个电影的向量为 0 0 0 0 0 0 0 0 1 0 0 0 0 0 0 0 0 0 0 
第1515个电影的向量为 0 0 1 0 0 0 0 0 0 0 0 0 0 0 1 0 0 0 0 
第1516个电影的向量为 0 0 0 0 0 0 0 0 1 0 0 0 0 0 0 0 0 0 0 
第1517个电影的向量为 0 0 0 0 0 0 0 0 1 0 0 0 0 0 0 0 0 0 0 
第1518个电影的向量为 0 0 0 0 0 0 0 0 1 0 0 0 0 0 0 0 0 0 0 
第1519个电影的向量为 0 0 0 0 0 0 1 0 1 0 0 0 0 0 0 0 0 0 0 
第1520个电影的向量为 0 0 0 0 0 0 0 0 0 0 0 1 0 0 0 0 0 0 0 
第1521个电影的向量为 0 0 0 0 0 1 0 0 0 0 0 0 0 0 1 0 0 0 0 
第1522个电影的向量为 0 0 0 0 0 0 0 0 0 0 0 0 0 0 0 0 1 0 0 
第1523个电影的向量为 0 1 1 0 0 0 0 0 0 0 0 0 0 0 0 0 0 0 0 
第1524个电影的向量为 0 0 0 0 0 0 0 0 1 0 0 0 0 0 0 0 0 0 0 
第1525个电影的向量为 0 0 0 0 0 1 0 0 0 0 0 0 0 0 1 0 0 0 0 
第1526个电影的向量为 0 0 0 0 0 0 0 0 1 0 0 0 0 0 1 0 1 0 0 
第1527个电影的向量为 0 0 0 0 0 1 0 0 0 0 0 0 0 0 0 0 0 0 0 
第1528个电影的向量为 0 0 0 0 0 0 0 0 1 0 0 0 0 0 0 0 0 0 0 
第1529个电影的向量为 0 0 0 0 0 0 0 0 0 0 0 0 0 0 0 0 0 1 0 
第1530个电影的向量为 0 0 0 0 0 0 0 0 1 0 0 0 0 0 0 0 0 0 0 
第1531个电影的向量为 0 0 1 0 1 0 0 0 0 0 0 0 0 0 0 0 0 0 0 
第1532个电影的向量为 0 0 0 0 0 0 0 0 1 0 0 0 0 0 0 0 0 0 0 
第1533个电影的向量为 0 0 0 0 0 0 0 0 1 0 0 0 0 0 0 0 0 0 0 
第1534个电影的向量为 0 0 0 0 0 1 1 0 0 0 0 0 0 0 0 0 0 0 0 
第1535个电影的向量为 0 0 0 0 0 0 0 0 1 0 0 0 0 0 0 0 0 0 0 
第1536个电影的向量为 0 0 0 0 0 0 0 0 1 0 0 0 0 0 0 0 0 0 0 
第1537个电影的向量为 0 0 0 0 0 1 0 0 0 0 0 0 0 0 0 0 0 0 0 
第1538个电影的向量为 0 0 0 0 0 0 0 0 1 0 0 0 0 0 0 0 0 0 0 
第1539个电影的向量为 0 0 0 0 0 0 0 0 1 0 0 0 0 0 0 0 0 0 0 
第1540个电影的向量为 0 0 1 0 1 0 0 0 0 0 0 0 0 0 0 0 0 0 0 
第1541个电影的向量为 0 0 0 0 0 0 0 0 1 0 0 0 0 0 0 0 0 0 0 
第1542个电影的向量为 0 0 0 0 0 0 0 0 1 0 0 0 0 0 0 0 0 0 0 
第1543个电影的向量为 0 0 0 0 0 0 0 0 1 0 0 0 0 0 0 0 0 0 0 
第1544个电影的向量为 0 0 0 0 0 1 0 0 0 0 0 0 0 0 0 0 0 0 0 
第1545个电影的向量为 0 0 0 0 0 0 0 0 1 0 0 0 0 0 1 0 0 0 0 
第1546个电影的向量为 0 0 0 0 0 0 0 0 1 0 0 0 0 0 0 0 0 0 0 
第1547个电影的向量为 0 0 0 0 0 0 0 1 0 0 0 0 0 0 0 0 0 0 0 
第1548个电影的向量为 0 1 0 0 0 0 0 0 0 0 0 0 0 0 0 0 1 0 0 
第1549个电影的向量为 0 0 0 0 0 0 0 0 0 0 0 0 0 0 0 0 1 0 0 
第1550个电影的向量为 0 0 0 0 0 1 0 0 0 0 0 0 0 0 0 0 0 0 0 
第1551个电影的向量为 0 0 0 0 0 0 0 0 1 0 0 0 0 0 0 0 0 0 0 
第1552个电影的向量为 0 1 0 0 0 0 0 0 0 0 0 0 0 0 0 0 0 0 0 
第1553个电影的向量为 0 0 0 0 0 0 0 0 0 0 0 0 0 1 0 0 1 0 0 
第1554个电影的向量为 0 0 0 0 0 0 0 0 1 0 0 0 0 0 0 0 0 0 0 
第1555个电影的向量为 0 0 1 0 1 0 0 0 0 0 0 0 0 0 0 0 0 0 0 
第1556个电影的向量为 0 1 0 0 0 0 0 0 1 0 0 0 0 0 0 0 1 0 0 
第1557个电影的向量为 0 0 0 0 0 1 0 0 1 0 0 0 0 0 0 0 0 0 0 
第1558个电影的向量为 0 0 0 0 0 0 0 0 1 0 0 0 0 0 0 0 0 0 0 
第1559个电影的向量为 0 1 0 0 0 0 0 0 1 0 0 0 0 0 0 0 1 0 0 
第1560个电影的向量为 0 0 0 0 0 0 1 0 0 0 0 0 0 0 0 0 0 0 0 
第1561个电影的向量为 0 0 0 0 0 0 0 1 1 0 0 0 0 0 0 0 0 0 0 
第1562个电影的向量为 0 0 0 0 0 0 0 1 0 0 0 0 0 0 0 0 0 0 0 
第1563个电影的向量为 0 0 0 0 0 0 0 0 0 0 0 0 0 0 1 0 0 0 0 
第1564个电影的向量为 0 0 0 0 0 0 0 0 1 0 0 0 0 0 0 0 0 0 0 
第1565个电影的向量为 0 0 0 0 0 0 0 0 1 0 0 0 0 0 0 0 0 0 0 
第1566个电影的向量为 0 0 0 0 0 0 0 0 1 0 0 0 0 0 0 0 0 0 0 
第1567个电影的向量为 0 0 0 0 0 1 0 0 0 0 0 0 0 0 0 0 0 0 0 
第1568个电影的向量为 0 0 0 0 0 1 0 0 0 0 0 0 0 0 1 0 0 0 0 
第1569个电影的向量为 0 0 0 0 0 1 0 0 1 0 0 0 0 0 0 0 0 0 0 
第1570个电影的向量为 0 0 0 0 0 1 0 0 0 0 0 0 0 0 0 0 0 0 0 
第1571个电影的向量为 0 0 0 0 0 0 0 0 1 0 0 0 0 0 0 0 0 0 0 
第1572个电影的向量为 0 0 0 0 0 0 0 0 1 0 0 0 0 0 0 0 0 0 0 
第1573个电影的向量为 0 0 0 0 0 0 0 0 0 0 0 1 0 0 0 0 0 0 0 
第1574个电影的向量为 0 0 0 0 0 0 0 0 0 0 0 0 0 0 0 0 0 1 0 
第1575个电影的向量为 0 0 0 0 0 0 0 0 1 0 0 0 0 0 0 0 0 0 0 
第1576个电影的向量为 0 0 0 0 0 0 0 0 0 1 0 0 0 0 0 0 0 0 0 
第1577个电影的向量为 0 0 0 0 0 0 0 0 1 0 0 0 0 0 0 0 0 0 0 
第1578个电影的向量为 0 0 0 0 0 0 0 0 1 0 0 0 0 0 0 0 0 0 0 
第1579个电影的向量为 0 0 0 0 0 0 0 0 0 0 0 0 0 0 0 0 1 0 0 
第1580个电影的向量为 0 0 0 0 0 0 0 0 0 0 0 0 0 0 1 0 0 0 0 
第1581个电影的向量为 0 0 0 0 0 0 0 0 0 0 0 0 0 1 0 0 0 0 0 
第1582个电影的向量为 0 0 0 0 0 0 0 0 0 0 1 0 0 0 0 0 0 0 0 
第1583个电影的向量为 0 0 0 0 0 0 0 0 1 0 0 0 0 0 0 0 0 0 0 
第1584个电影的向量为 0 0 0 0 0 0 0 0 1 0 0 0 0 0 0 0 0 0 0 
第1585个电影的向量为 0 0 0 0 0 0 0 1 0 0 0 0 0 0 0 0 0 0 0 
第1586个电影的向量为 0 1 0 0 0 0 1 0 1 0 0 0 0 0 0 0 0 0 0 
第1587个电影的向量为 0 0 0 0 0 0 0 0 0 0 0 0 0 0 0 0 0 0 1 
第1588个电影的向量为 0 0 0 0 0 1 0 0 1 0 0 0 0 0 0 0 0 0 0 
第1589个电影的向量为 0 0 0 0 0 1 0 0 0 0 0 0 0 0 0 0 0 0 0 
第1590个电影的向量为 0 0 0 0 0 0 0 0 1 0 0 0 0 0 0 0 0 0 0 
第1591个电影的向量为 0 0 0 0 0 0 0 0 1 0 0 0 0 0 0 0 0 0 0 
第1592个电影的向量为 0 0 0 0 0 0 0 0 1 0 0 0 0 0 0 0 0 0 0 
第1593个电影的向量为 0 0 0 0 0 1 0 0 0 0 0 0 0 0 0 0 0 0 0 
第1594个电影的向量为 0 0 0 0 0 0 0 1 0 0 0 0 0 0 0 0 0 0 0 
第1595个电影的向量为 0 1 0 0 0 0 0 0 0 0 0 0 0 0 0 0 1 0 0 
第1596个电影的向量为 0 1 0 0 0 0 0 0 0 0 0 0 0 0 0 1 1 0 0 
第1597个电影的向量为 0 1 0 0 0 0 0 0 1 0 0 0 0 0 0 0 0 0 0 
第1598个电影的向量为 0 0 0 0 0 0 1 0 0 0 0 0 0 0 0 0 1 0 0 
第1599个电影的向量为 0 0 0 0 0 0 0 0 1 0 0 0 0 0 0 0 0 0 0 
第1600个电影的向量为 0 0 0 0 0 1 0 0 0 0 0 0 0 0 0 0 0 0 0 
第1601个电影的向量为 0 0 0 0 0 0 0 0 0 0 0 0 0 0 0 0 1 0 0 
第1602个电影的向量为 0 0 0 0 0 0 0 0 1 0 0 0 0 0 0 0 0 0 0 
第1603个电影的向量为 0 0 0 0 0 0 0 0 1 0 0 0 0 0 0 0 0 0 0 
第1604个电影的向量为 0 0 0 0 0 0 1 0 0 0 1 0 0 0 0 0 1 0 0 
第1605个电影的向量为 0 0 0 0 0 1 0 0 0 0 0 0 0 0 0 0 0 0 0 
第1606个电影的向量为 0 0 0 0 0 0 1 0 0 0 0 0 0 0 0 0 0 0 0 
第1607个电影的向量为 0 0 0 0 0 0 0 0 1 0 0 0 0 0 0 0 0 0 0 
第1608个电影的向量为 0 0 1 0 1 0 0 0 1 0 0 0 0 0 0 0 0 0 0 
第1609个电影的向量为 0 0 0 0 0 1 0 0 0 0 0 0 0 0 0 0 0 0 0 
第1610个电影的向量为 0 1 0 0 0 0 1 0 0 0 0 0 0 0 1 0 0 0 0 
第1611个电影的向量为 0 0 0 0 0 1 0 0 0 0 0 0 0 0 0 0 0 0 0 
第1612个电影的向量为 0 0 0 0 0 0 0 0 0 0 0 0 0 0 1 0 0 0 0 
第1613个电影的向量为 0 1 0 0 0 0 0 0 1 0 0 0 0 0 0 0 0 0 0 
第1614个电影的向量为 0 0 0 0 0 1 0 0 1 0 0 0 0 0 0 0 0 0 0 
第1615个电影的向量为 0 1 1 0 1 0 0 0 0 1 0 0 0 0 0 0 0 0 0 
第1616个电影的向量为 0 0 0 0 0 0 0 0 1 0 0 0 0 0 0 0 0 0 0 
第1617个电影的向量为 0 0 0 0 0 0 0 0 0 0 0 0 0 0 1 0 0 0 0 
第1618个电影的向量为 0 1 0 0 0 0 1 0 0 0 0 0 0 0 0 0 0 0 0 
第1619个电影的向量为 0 0 0 0 0 0 0 0 1 0 0 0 0 0 0 0 0 0 0 
第1620个电影的向量为 0 0 0 0 0 1 0 0 0 0 0 0 0 0 0 0 0 0 0 
第1621个电影的向量为 0 0 0 0 0 0 0 0 0 0 0 0 0 0 0 0 1 0 0 
第1622个电影的向量为 0 0 0 0 0 1 0 0 0 0 0 0 0 0 0 0 0 0 0 
第1623个电影的向量为 0 0 0 0 0 0 0 0 1 0 0 0 0 0 0 0 0 0 0 
第1624个电影的向量为 0 0 0 0 0 0 0 0 0 0 0 0 0 0 0 0 1 0 0 
第1625个电影的向量为 0 0 0 0 0 0 0 0 0 0 0 1 0 0 0 0 1 0 0 
第1626个电影的向量为 0 0 0 0 0 1 0 0 1 0 0 0 0 0 0 0 0 0 0 
第1627个电影的向量为 0 0 0 0 0 1 0 0 1 0 0 0 0 0 0 0 0 0 0 
第1628个电影的向量为 0 0 0 0 0 0 0 0 1 0 0 0 0 0 0 0 0 0 0 
第1629个电影的向量为 0 0 0 0 0 0 0 1 0 0 0 0 0 0 0 0 0 0 0 
第1630个电影的向量为 0 0 0 0 0 0 0 0 1 0 0 0 0 0 0 0 0 0 0 
第1631个电影的向量为 0 0 0 0 0 1 0 0 1 0 0 0 0 0 0 0 0 0 0 
第1632个电影的向量为 0 0 0 0 0 0 0 0 0 0 0 0 0 0 0 0 0 1 0 
第1633个电影的向量为 0 0 0 0 0 1 0 0 1 0 0 0 0 0 0 0 0 0 0 
第1634个电影的向量为 0 0 0 0 0 0 0 0 1 0 0 0 0 0 0 0 0 0 0 
第1635个电影的向量为 0 0 0 0 0 0 0 0 1 0 0 0 0 0 0 0 0 0 0 
第1636个电影的向量为 0 0 0 0 0 0 0 0 1 0 0 0 0 0 0 0 0 0 0 
第1637个电影的向量为 0 0 0 0 0 0 0 0 1 0 0 0 0 0 0 0 0 0 0 
第1638个电影的向量为 0 0 0 0 0 0 1 0 1 0 0 0 0 0 0 0 0 0 0 
第1639个电影的向量为 0 0 0 0 0 0 0 0 1 0 0 0 0 0 0 0 0 0 0 
第1640个电影的向量为 0 0 0 0 0 0 0 0 1 0 0 0 0 0 0 0 0 0 0 
第1641个电影的向量为 0 0 0 0 0 0 0 1 0 0 0 0 0 0 0 0 0 0 0 
第1642个电影的向量为 0 0 0 0 0 0 0 0 1 0 0 0 0 0 0 0 0 0 0 
第1643个电影的向量为 0 0 0 0 0 0 0 0 1 0 0 0 0 0 0 0 0 0 0 
第1644个电影的向量为 0 0 0 0 0 1 0 0 0 0 0 0 0 0 0 0 0 0 0 
第1645个电影的向量为 0 0 0 0 0 0 0 0 1 0 0 0 0 0 0 0 0 0 0 
第1646个电影的向量为 0 1 0 0 0 0 0 0 1 0 0 0 0 0 0 0 0 0 0 
第1647个电影的向量为 0 0 0 0 0 1 1 0 1 0 0 0 0 0 0 0 0 0 0 
第1648个电影的向量为 0 0 0 0 0 0 0 0 1 0 0 0 0 0 0 0 0 0 0 
第1649个电影的向量为 0 0 0 0 0 1 0 1 0 0 0 0 0 0 0 0 0 0 0 
第1650个电影的向量为 0 0 0 0 0 0 0 0 1 0 0 0 0 0 0 0 0 0 0 
第1651个电影的向量为 0 0 0 0 0 0 0 0 1 0 0 0 0 0 0 0 1 0 0 
第1652个电影的向量为 0 0 0 0 0 0 0 0 0 0 0 0 0 0 1 0 0 0 0 
第1653个电影的向量为 0 0 0 0 0 0 0 0 1 0 0 0 0 0 0 0 0 0 0 
第1654个电影的向量为 0 0 0 0 0 1 0 0 0 0 0 0 0 0 0 0 0 0 0 
第1655个电影的向量为 0 0 0 0 0 1 0 0 0 0 0 0 0 0 1 0 0 0 0 
第1656个电影的向量为 0 0 0 0 0 1 0 0 0 0 0 0 0 0 1 0 0 0 0 
第1657个电影的向量为 0 1 0 0 0 0 0 0 1 0 0 0 0 0 0 0 0 0 0 
第1658个电影的向量为 0 0 0 0 0 0 0 0 1 0 0 0 0 0 0 0 0 0 0 
第1659个电影的向量为 0 0 0 0 0 1 0 0 0 0 0 0 0 0 0 0 0 0 0 
第1660个电影的向量为 0 0 0 0 0 0 0 0 1 0 0 0 0 0 0 0 0 0 0 
第1661个电影的向量为 0 0 0 0 0 0 0 0 1 0 0 0 0 0 0 0 0 0 0 
第1662个电影的向量为 0 0 0 0 0 0 0 0 1 0 0 0 0 0 1 0 0 0 0 
第1663个电影的向量为 0 0 0 0 0 0 0 0 1 0 0 0 0 0 0 0 0 1 0 
第1664个电影的向量为 0 0 0 0 0 1 0 0 0 0 0 0 0 0 0 0 0 0 0 
第1665个电影的向量为 0 0 0 0 0 0 0 0 1 0 0 0 0 0 0 0 0 0 0 
第1666个电影的向量为 0 0 0 0 0 0 0 0 1 0 0 0 0 0 0 0 0 0 0 
第1667个电影的向量为 0 0 0 0 0 0 0 0 1 0 0 0 0 0 0 0 0 0 0 
第1668个电影的向量为 0 0 0 0 0 1 0 0 0 0 0 0 0 0 0 0 0 0 0 
第1669个电影的向量为 0 0 0 0 0 0 1 0 1 0 0 0 0 1 0 0 0 0 0 
第1670个电影的向量为 0 0 0 0 0 1 0 0 0 0 0 0 0 0 0 0 1 0 0 
第1671个电影的向量为 0 0 0 0 0 0 0 0 1 0 0 0 0 0 0 0 0 0 0 
第1672个电影的向量为 0 0 0 0 0 0 0 0 1 0 0 0 0 0 0 0 0 0 0 
第1673个电影的向量为 0 1 0 0 0 0 0 0 0 0 0 0 0 0 0 0 1 0 0 
第1674个电影的向量为 0 0 0 0 0 0 0 0 1 0 0 0 0 0 0 0 0 0 0 
第1675个电影的向量为 0 0 0 0 0 0 0 0 1 0 0 0 0 0 0 0 0 0 0 
第1676个电影的向量为 0 0 0 0 0 0 0 0 1 0 0 0 0 0 0 0 0 0 0 
第1677个电影的向量为 0 0 0 0 0 0 0 0 1 0 0 0 0 0 0 0 0 0 0 
第1678个电影的向量为 0 0 0 0 0 0 0 0 1 0 0 0 0 0 0 0 0 0 0 
第1679个电影的向量为 0 0 0 0 0 0 0 0 0 0 0 0 0 0 1 0 1 0 0 
第1680个电影的向量为 0 0 0 0 0 0 0 0 1 0 0 0 0 0 1 0 0 0 0 
第1681个电影的向量为 0 0 0 0 0 1 0 0 0 0 0 0 0 0 0 0 0 0 0 
第1682个电影的向量为 0 0 0 0 0 0 0 0 1 0 0 0 0 0 0 0 0 0 0 
