5 	 0 0 0 0 0 0 4 0 4 0 0 0 0 0 0 0 4 0 0 
176  0 4 0 0 0 0 0 0 0 0 0 0 0 0 0 4 4 4 0 
183  0 5 0 0 0 0 0 0 0 0 0 5 0 0 0 5 5 0 0 
185  0 0 0 0 0 0 0 0 0 0 0 5 0 0 5 0 5 0 0 
233  0 4 0 0 0 0 0 0 0 0 0 0 0 0 0 0 0 0 0 
234  0 5 0 0 0 0 0 0 0 0 0 5 0 0 0 0 0 0 0 
288  0 0 0 0 0 0 0 0 0 0 0 4 0 0 0 0 4 0 0 
302  0 0 0 0 0 0 5 0 0 0 5 0 0 5 0 0 5 0 0 
525  0 0 0 0 0 0 0 0 0 0 4 0 0 4 0 0 0 0 0 
573  0 0 0 0 0 0 0 0 0 0 0 4 0 0 0 4 4 0 0 
603  0 0 0 0 0 0 0 0 0 0 0 0 0 4 0 0 4 0 0 
770  0 0 0 0 0 0 3 0 0 0 3 0 0 3 0 0 3 0 0 
773  0 0 0 0 0 0 0 0 0 0 0 0 0 0 0 0 3 0 0 
939  0 0 0 0 0 0 0 0 3 0 0 0 0 0 0 0 3 0 0 
1046 0 0 0 0 0 0 0 0 0 0 0 0 0 0 0 0 2 0 0 
1217 0 0 0 0 0 0 0 0 0 0 0 0 0 0 0 0 4 0 0 